1 0 0 0 0 1 0 0 0 0 1 0
0.999998 -0.00164357 -0.000584061 0.557123 0.00164237 0.999997 -0.00203636 -0.000944559 0.000587406 0.0020354 0.999998 0.0116144
0.999995 -0.00258491 -0.00189966 1.12069 0.00258027 0.999994 -0.00244276 0.00182799 0.00190596 0.00243785 0.999995 0.0226971
0.999984 -0.00454862 -0.00324399 1.67294 0.00454001 0.999986 -0.00265842 0.00928961 0.00325604 0.00264365 0.999991 0.0312949
0.999966 -0.00656635 -0.00487512 2.22534 0.00654442 0.999968 -0.00450168 0.0110467 0.00490452 0.00446962 0.999978 0.0419064
0.999946 -0.00807452 -0.00660822 2.7909 0.00802933 0.999944 -0.00683797 0.0131871 0.00666307 0.00678454 0.999955 0.0535064
0.999927 -0.00965682 -0.0073048 3.35441 0.00959868 0.999922 -0.00795408 0.020114 0.00738104 0.00788338 0.999942 0.062109
0.999918 -0.0109445 -0.006651 3.93642 0.0108901 0.999907 -0.00815304 0.0275164 0.00673962 0.00807995 0.999945 0.0732185
0.999902 -0.0123116 -0.00672537 4.51695 0.0122548 0.99989 -0.00841844 0.0380407 0.00682827 0.00833519 0.999942 0.0857654
0.999869 -0.0131712 -0.00938212 5.10743 0.0130983 0.999884 -0.00779166 0.0493777 0.00948365 0.00766775 0.999925 0.100019
0.999807 -0.0146881 -0.0130673 5.70537 0.0146046 0.999873 -0.00645962 0.0664556 0.0131605 0.00626753 0.999894 0.112496
0.99973 -0.0160287 -0.0167973 6.31437 0.0159491 0.999861 -0.00486342 0.082973 0.0168729 0.00459421 0.999847 0.122169
0.999715 -0.0169883 -0.0167841 6.94202 0.0169372 0.999851 -0.00318001 0.0990061 0.0168357 0.00289483 0.999854 0.134024
0.99978 -0.0183544 -0.0101429 7.58269 0.018347 0.999831 -0.000820711 0.116114 0.0101563 0.000634439 0.999948 0.143496
0.999822 -0.0188406 0.000720576 8.24807 0.0188406 0.999822 6.21787e-05 0.131601 -0.000721616 -4.85902e-05 1 0.157335
0.99977 -0.019996 0.00772542 8.92161 0.0199898 0.9998 0.000882499 0.149705 -0.00774151 -0.000727865 0.99997 0.170279
0.999747 -0.0212243 0.00744472 9.59882 0.0212065 0.999772 0.0024681 0.170691 -0.0074954 -0.0023096 0.999969 0.181791
0.999765 -0.0216909 -2.53601e-06 10.2906 0.0216906 0.999751 0.00526277 0.195165 -0.000111616 -0.00526158 0.999986 0.181238
0.999716 -0.0230525 -0.00601963 11.0012 0.0230851 0.999719 0.00540383 0.217007 0.00589337 -0.00554125 0.999967 0.17847
0.999703 -0.0238789 -0.00493809 11.7329 0.0238971 0.999708 0.00366068 0.231205 0.00484924 -0.00377759 0.999981 0.180836
0.999683 -0.0247732 0.00450471 12.4931 0.0247628 0.999691 0.00235077 0.250551 -0.00456155 -0.00223848 0.999987 0.186651
0.999617 -0.0248229 0.0122471 13.2705 0.0248093 0.999691 0.00126518 0.270098 -0.0122747 -0.000960853 0.999924 0.18904
0.999557 -0.0257281 0.0149311 14.0586 0.0257208 0.999669 0.000680293 0.293185 -0.0149436 -0.00029595 0.999888 0.189633
0.999562 -0.0258387 0.0144249 14.8572 0.0258573 0.999665 -0.00110448 0.312245 -0.0143915 0.00147699 0.999895 0.18837
0.999615 -0.0249826 0.0120904 15.6822 0.0249999 0.999687 -0.00127479 0.334507 -0.0120548 0.00157656 0.999926 0.185449
0.999655 -0.0248257 0.00853394 16.5122 0.0248186 0.999691 0.000933661 0.359785 -0.00855449 -0.000721537 0.999963 0.171997
0.99972 -0.0234006 0.00342624 17.3683 0.023407 0.999724 -0.0018299 0.379799 -0.00338247 0.00190958 0.999992 0.173914
0.999731 -0.0230232 -0.002662 18.2239 0.0230109 0.999725 -0.00456041 0.396149 0.00276627 0.00449793 0.999986 0.179778
0.99974 -0.0214356 -0.00774452 19.1234 0.0214107 0.999765 -0.0032861 0.422751 0.00781314 0.00311944 0.999964 0.189256
0.999726 -0.0215584 -0.00910907 20.0186 0.0215436 0.999766 -0.00172588 0.448157 0.00914415 0.00152916 0.999957 0.193025
0.999727 -0.0218224 -0.00830689 20.9425 0.0218047 0.99976 -0.00221084 0.472584 0.00835314 0.00202911 0.999963 0.207343
0.999728 -0.0214897 -0.00910355 21.8927 0.0214786 0.999768 -0.00131045 0.497746 0.0091296 0.00111457 0.999958 0.224435
0.9997 -0.0217634 -0.0112145 22.8293 0.0217867 0.999761 0.00196308 0.527624 0.0111691 -0.00220682 0.999935 0.242038
0.999692 -0.0217213 -0.0120331 23.8132 0.0217947 0.999744 0.00600467 0.557295 0.0118996 -0.00626507 0.999909 0.256936
0.999691 -0.0218564 -0.0118316 24.7659 0.0219431 0.999733 0.00724666 0.584912 0.0116701 -0.00750404 0.999904 0.276537
0.999692 -0.0218985 -0.01169 25.769 0.0219922 0.999726 0.00795464 0.611822 0.0115126 -0.00820927 0.9999 0.297325
0.999689 -0.0221126 -0.0115092 26.7343 0.0222078 0.99972 0.00820562 0.638373 0.0113245 -0.00845866 0.9999 0.318926
0.999692 -0.0225649 -0.010362 27.7336 0.0226569 0.999704 0.00885121 0.663559 0.0101592 -0.00908325 0.999907 0.339829
0.999708 -0.0226547 -0.00839726 28.764 0.0227327 0.999698 0.00931381 0.687461 0.00818373 -0.00950198 0.999921 0.359825
0.999704 -0.0232429 -0.00714364 29.757 0.0233119 0.999681 0.00973438 0.71426 0.00691511 -0.00989803 0.999927 0.376904
0.999702 -0.0231308 -0.00786032 30.7999 0.0232058 0.999685 0.00958966 0.739651 0.00763603 -0.0097692 0.999923 0.399888
0.999686 -0.0234887 -0.00870383 31.8026 0.023585 0.99966 0.0111347 0.769007 0.00843933 -0.0113364 0.9999 0.41687
0.999683 -0.0238998 -0.00789924 32.8402 0.0239861 0.999652 0.0110156 0.798725 0.00763322 -0.0112016 0.999908 0.434949
0.999687 -0.0244889 -0.00504229 33.9162 0.0245384 0.999649 0.0100001 0.8231 0.00479563 -0.0101207 0.999937 0.455271
0.999682 -0.0251486 -0.00165644 34.9548 0.0251637 0.999635 0.00986061 0.854451 0.00140786 -0.00989916 0.99995 0.470361
0.999671 -0.025632 0.000709344 36.0383 0.0256242 0.999627 0.00943928 0.884176 -0.000951025 -0.00941799 0.999955 0.485176
0.999651 -0.026385 0.00135382 37.0813 0.0263711 0.999608 0.00943417 0.916109 -0.0016022 -0.00939517 0.999955 0.49776
0.999647 -0.0265807 2.2117e-05 38.1775 0.0265793 0.999602 0.00946329 0.947422 -0.000273646 -0.00945935 0.999955 0.51061
0.999624 -0.0274175 -0.000383351 39.2374 0.02742 0.999572 0.0102274 0.982936 0.00010278 -0.0102341 0.999948 0.52093
0.999602 -0.0282123 0.000737721 40.3131 0.0282035 0.999552 0.00997963 1.01526 -0.00101894 -0.00995484 0.99995 0.532797
0.999586 -0.028625 0.00292102 41.4015 0.0285965 0.999547 0.00938193 1.05298 -0.00318825 -0.00929451 0.999952 0.547595
0.999548 -0.0296237 0.00519646 42.4707 0.0295767 0.999523 0.00891009 1.09006 -0.00545792 -0.00875236 0.999947 0.559391
0.999539 -0.0298353 0.0056976 43.5539 0.0297791 0.999509 0.00970117 1.12859 -0.00598424 -0.00952702 0.999937 0.571287
0.999533 -0.0304576 0.00229373 44.6147 0.0304294 0.999471 0.0114758 1.16953 -0.00264204 -0.0114007 0.999932 0.585918
0.99954 -0.0302838 -0.00178664 45.6985 0.0303056 0.999445 0.0137908 1.21282 0.00136801 -0.0138386 0.999903 0.600358
0.999534 -0.0304676 -0.00211582 46.7505 0.0304966 0.999416 0.0153747 1.25461 0.00164616 -0.0154321 0.99988 0.613674
0.999539 -0.0303704 0.000558078 47.8391 0.0303597 0.999442 0.0139526 1.29295 -0.000981508 -0.0139292 0.999902 0.627619
0.999543 -0.0301202 0.00243342 48.9396 0.0300813 0.99944 0.0146805 1.33207 -0.00287423 -0.0146006 0.999889 0.638768
0.999538 -0.0301438 0.0039313 50.0017 0.0300918 0.999467 0.0126712 1.3704 -0.00431116 -0.012547 0.999912 0.651167
0.999551 -0.0297636 0.00350927 51.0893 0.0297125 0.999463 0.0137943 1.40948 -0.00391795 -0.0136838 0.999899 0.662692
0.999562 -0.0295029 0.002164 52.1513 0.0294725 0.999482 0.0129501 1.44428 -0.00254494 -0.0128807 0.999914 0.678153
0.99957 -0.0293184 -0.00023177 53.2223 0.0293188 0.999471 0.0140724 1.48295 -0.00018093 -0.0140731 0.999901 0.687733
0.999584 -0.0287433 -0.00221527 54.3055 0.0287691 0.999505 0.0126854 1.51942 0.00184956 -0.0127438 0.999917 0.704057
0.999572 -0.0287709 -0.005277 55.3735 0.0288306 0.999517 0.0116043 1.55413 0.00494058 -0.0117515 0.999919 0.723986
0.999575 -0.0283351 -0.00682732 56.4509 0.028405 0.999543 0.0103654 1.5886 0.00653049 -0.0105549 0.999923 0.744966
0.999589 -0.0283261 -0.00449345 57.5297 0.028365 0.999558 0.00885432 1.62312 0.00424066 -0.00897813 0.999951 0.765474
0.999606 -0.0280431 0.00148032 58.6058 0.0280316 0.99958 0.00729468 1.65592 -0.00168426 -0.0072503 0.999972 0.782729
0.99958 -0.0280067 0.00745389 59.6857 0.027961 0.99959 0.00616492 1.68921 -0.00762349 -0.00595391 0.999953 0.795182
0.999573 -0.0278923 0.00871607 60.7674 0.0278545 0.999602 0.00442911 1.72168 -0.00883614 -0.00418443 0.999952 0.806766
0.999604 -0.0274825 0.00599884 61.852 0.0274716 0.999621 0.00189006 1.75222 -0.0060485 -0.00172451 0.99998 0.814637
0.99962 -0.0274021 0.00286795 62.9224 0.0274017 0.999624 0.000186585 1.78479 -0.00287199 -0.000107924 0.999996 0.822641
0.999625 -0.0273567 -0.000930644 64.0085 0.027359 0.999622 0.00253839 1.82319 0.000860852 -0.0025629 0.999996 0.833517
0.999615 -0.0273088 -0.00485173 65.0789 0.0273226 0.999623 0.00279832 1.85944 0.00477348 -0.0029298 0.999984 0.851594
0.99963 -0.0266226 -0.00558496 66.166 0.0266558 0.999627 0.00596356 1.89943 0.00542411 -0.00611022 0.999966 0.867921
0.999664 -0.025861 -0.00203994 67.2598 0.0258794 0.999619 0.00954924 1.93837 0.00179221 -0.00959881 0.999952 0.882028
0.999665 -0.0258927 0.000323869 68.3506 0.0258877 0.999606 0.0108072 1.97563 -0.000603569 -0.0107952 0.999941 0.902117
0.999665 -0.0258726 0.00119525 69.4326 0.0258581 0.999606 0.0108766 2.00905 -0.00147618 -0.010842 0.99994 0.915152
0.999659 -0.0260258 0.00218422 70.5218 0.026004 0.999616 0.00950663 2.03952 -0.0024308 -0.00944659 0.999952 0.930297
0.999653 -0.0260924 0.00365761 71.6021 0.0260598 0.999623 0.00868617 2.07104 -0.00388287 -0.00858783 0.999955 0.94296
0.99963 -0.0266107 0.00573542 72.6905 0.0265703 0.999622 0.00701228 2.10485 -0.00591986 -0.00685729 0.999959 0.955561
0.999602 -0.0271662 0.00762522 73.7745 0.0271221 0.999615 0.00583038 2.13703 -0.00778067 -0.00562125 0.999954 0.966537
0.999596 -0.0275919 0.006799 74.8478 0.0275578 0.999607 0.00505384 2.17004 -0.00693578 -0.00486443 0.999964 0.978188
0.999595 -0.0282845 0.00319398 75.9296 0.0282668 0.999585 0.00547364 2.20535 -0.00334747 -0.00538114 0.99998 0.991397
0.999586 -0.0287484 0.00124882 76.9958 0.0287396 0.999565 0.00659472 2.24378 -0.00143786 -0.0065561 0.999977 1.00444
0.999558 -0.029594 0.00295189 78.0665 0.0295695 0.99953 0.00804162 2.28361 -0.00318848 -0.00795077 0.999963 1.01616
0.999521 -0.0301079 0.0072158 79.143 0.0300425 0.999508 0.00900936 2.32363 -0.0074835 -0.00878826 0.999933 1.02958
0.999467 -0.0306069 0.0113425 80.2105 0.030492 0.999483 0.0101705 2.36182 -0.0116479 -0.00981922 0.999884 1.03651
0.999434 -0.0313329 0.0122423 81.2775 0.031198 0.999452 0.0110606 2.40487 -0.0125821 -0.0106724 0.999864 1.04384
0.999443 -0.0316934 0.010427 82.3232 0.0315722 0.999434 0.0115952 2.44554 -0.0107886 -0.0112596 0.999878 1.04918
0.999425 -0.0325178 0.00965154 83.3753 0.0324084 0.999411 0.0112827 2.48564 -0.0100127 -0.0109634 0.99989 1.05481
0.999409 -0.0329574 0.00976236 84.41 0.0328478 0.999398 0.0111772 2.52507 -0.0101249 -0.0108499 0.99989 1.06047
0.999377 -0.033793 0.0102318 85.4457 0.0336924 0.999384 0.00984566 2.56745 -0.0105582 -0.00949479 0.999899 1.07158
0.999334 -0.0344778 0.0119945 86.4519 0.0343706 0.999368 0.00903598 2.60628 -0.0122984 -0.0086177 0.999887 1.07963
0.999283 -0.0349785 0.0144759 87.4353 0.0348572 0.999356 0.00854759 2.64601 -0.0147655 -0.00803687 0.999859 1.0854
0.999224 -0.0360988 0.0157814 88.4241 0.0359772 0.999321 0.00792496 2.68684 -0.0160567 -0.00735104 0.999844 1.09422
0.999145 -0.0380079 0.0162909 89.3655 0.0379005 0.999258 0.00685267 2.72659 -0.0165393 -0.00622937 0.999844 1.09935
0.999019 -0.0413653 0.0158186 90.3025 0.0412741 0.99913 0.00605249 2.77292 -0.0160552 -0.00539366 0.999856 1.10768
0.998885 -0.0447246 0.0151062 91.2045 0.0446386 0.998985 0.00598616 2.82008 -0.0153586 -0.00530517 0.999868 1.11051
0.99874 -0.0477667 0.015414 92.0807 0.0476824 0.998846 0.00579455 2.86803 -0.015673 -0.00505227 0.999864 1.11705
0.998553 -0.0511285 0.0166789 92.9427 0.0510242 0.998676 0.00661912 2.92079 -0.0169953 -0.00575851 0.999839 1.12154
0.998389 -0.0539363 0.017626 93.7655 0.0538047 0.998521 0.00785909 2.97299 -0.0180238 -0.00689807 0.999814 1.1262
0.998186 -0.0570815 0.0191152 94.5828 0.0569279 0.998342 0.008487 3.02854 -0.019568 -0.00738341 0.999781 1.13043
0.998018 -0.0596887 0.0199462 95.3611 0.0594927 0.998176 0.010279 3.08333 -0.0205233 -0.00907197 0.999748 1.13205
0.997846 -0.0623497 0.0204086 96.115 0.0621116 0.997996 0.0121015 3.13873 -0.0211222 -0.0108079 0.999718 1.13517
0.997703 -0.0649109 0.0193587 96.8365 0.0646536 0.997815 0.0136369 3.19466 -0.0202015 -0.0123539 0.999719 1.13923
0.997611 -0.0672828 0.0156473 97.5299 0.0670451 0.997634 0.0152495 3.24908 -0.0166363 -0.014164 0.999761 1.14389
0.997493 -0.0697871 0.0116954 98.1914 0.0695757 0.997421 0.0176028 3.30633 -0.0128937 -0.016745 0.999777 1.14738
0.997387 -0.0717147 0.00877311 98.8208 0.0715326 0.997246 0.0195641 3.36026 -0.010152 -0.0188854 0.99977 1.14977
0.997333 -0.072549 0.00792024 99.4179 0.0723656 0.997149 0.0213932 3.41246 -0.0094497 -0.020763 0.99974 1.15688
0.997386 -0.0717848 0.00826143 99.991 0.0715714 0.997153 0.0237398 3.46305 -0.00994207 -0.0230865 0.999684 1.16433
0.99758 -0.0688675 0.00961404 100.547 0.0685846 0.997275 0.0271695 3.51078 -0.0114589 -0.0264444 0.999585 1.17056
0.997914 -0.063618 0.0109645 101.081 0.0632644 0.997545 0.030036 3.55369 -0.0128484 -0.0292797 0.999489 1.17666
0.998334 -0.0562232 0.0130078 101.599 0.0558001 0.997965 0.0308772 3.58316 -0.0147173 -0.0300999 0.999438 1.18146
0.998783 -0.0467327 0.0157911 102.089 0.0462327 0.99846 0.0306747 3.60775 -0.0172003 -0.0299072 0.999405 1.18455
0.999239 -0.0349113 0.0174017 102.565 0.0343795 0.998959 0.0299807 3.61871 -0.0184303 -0.0293596 0.999399 1.18891
0.999603 -0.0216856 0.018007 103.011 0.0211514 0.999346 0.0293409 3.62656 -0.0186315 -0.0289483 0.999407 1.19205
0.999821 -0.00635755 0.0178452 103.44 0.00584192 0.999568 0.0287994 3.62358 -0.0180206 -0.02869 0.999426 1.19529
0.99981 0.0115333 0.0157115 103.854 -0.0119667 0.999543 0.0277703 3.61724 -0.015384 -0.027953 0.999491 1.20216
0.999392 0.0327748 0.0119071 104.26 -0.0330891 0.999081 0.0272294 3.59725 -0.0110038 -0.0276068 0.999558 1.20404
0.998324 0.0573435 0.00779963 104.668 -0.0575261 0.998015 0.0256463 3.55912 -0.00631349 -0.026052 0.999641 1.20794
0.996411 0.0844588 0.00569187 105.054 -0.0845693 0.996146 0.0232721 3.51606 -0.0037044 -0.0236699 0.999713 1.21094
0.993423 0.1144 0.00492852 105.444 -0.114478 0.99321 0.0207275 3.45107 -0.00252384 -0.0211553 0.999773 1.21396
0.989191 0.146585 0.00365214 105.811 -0.146627 0.989024 0.0182322 3.38449 -0.000939492 -0.0185706 0.999827 1.2185
0.98324 0.182299 0.00232717 106.19 -0.182313 0.983107 0.016215 3.29422 0.000668117 -0.0163675 0.999866 1.22424
0.975421 0.220342 0.00182433 106.539 -0.220347 0.975339 0.0126725 3.19284 0.00101294 -0.012763 0.999918 1.23187
0.965454 0.260569 0.00134564 106.908 -0.260569 0.965398 0.0105402 3.07039 0.00144739 -0.0105267 0.999943 1.24189
0.953422 0.301636 0.00117664 107.227 -0.30163 0.95336 0.0111132 2.9531 0.00223039 -0.0109505 0.999937 1.2524
0.938375 0.345615 0.00181822 107.558 -0.345607 0.938281 0.0135771 2.8135 0.00298646 -0.0133688 0.999906 1.25462
0.920585 0.390527 0.00333236 107.907 -0.390536 0.920494 0.0131672 2.64477 0.00207472 -0.0134229 0.999908 1.26257
0.90072 0.434375 0.00467828 108.19 -0.434399 0.900634 0.012529 2.48576 0.00122887 -0.0133174 0.99991 1.26313
0.877671 0.479247 0.00410359 108.509 -0.479261 0.877601 0.0112107 2.28222 0.00177138 -0.011806 0.999929 1.27274
0.852902 0.522066 0.00250965 108.767 -0.522058 0.852834 0.0113655 2.09462 0.0037932 -0.0110038 0.999932 1.28346
0.825366 0.564598 0.000287478 109.055 -0.564552 0.825293 0.013148 1.87273 0.00718607 -0.0110142 0.999913 1.29322
0.795171 0.606384 -0.00107701 109.297 -0.606277 0.795062 0.0174828 1.66344 0.0114576 -0.0132488 0.999846 1.30127
0.761579 0.648071 -0.000715541 109.574 -0.647883 0.761384 0.0232675 1.41471 0.0156238 -0.0172565 0.999729 1.30982
0.724878 0.688877 0.000266592 109.8 -0.688609 0.724585 0.028202 1.17325 0.0192345 -0.0206266 0.999602 1.30712
0.685951 0.727648 0.000130975 110.032 -0.727358 0.685673 0.0283265 0.89451 0.0205219 -0.0195259 0.999599 1.31575
0.644956 0.76422 0.00017428 110.259 -0.763984 0.644751 0.0249899 0.5842 0.0189854 -0.0162505 0.999688 1.33546
0.601508 0.798864 0.00207669 110.446 -0.798684 0.601312 0.0229738 0.29095 0.0171042 -0.0154775 0.999734 1.33721
0.555156 0.831733 0.00459877 110.655 -0.831614 0.554961 0.0209243 -0.0568498 0.0148513 -0.0154407 0.99977 1.35167
0.50788 0.861405 0.00623712 110.807 -0.861332 0.507703 0.0185876 -0.366356 0.0128448 -0.0148125 0.999808 1.35313
0.457033 0.889422 0.00702929 110.98 -0.889409 0.456922 0.0131731 -0.745103 0.00850459 -0.0122724 0.999888 1.37831
0.406096 0.913769 0.0105942 111.103 -0.913799 0.405959 0.0129919 -1.08373 0.00757084 -0.0149569 0.999859 1.38147
0.355179 0.934702 0.013451 111.229 -0.934734 0.354949 0.0168597 -1.45238 0.0109844 -0.0185613 0.999767 1.3912
0.3043 0.952451 0.0154321 111.35 -0.952435 0.303937 0.0221166 -1.86006 0.0163746 -0.0214281 0.999636 1.39923
0.257857 0.966078 0.0142392 111.426 -0.965986 0.257478 0.0240116 -2.2444 0.0195308 -0.0199464 0.99961 1.40275
0.215424 0.976485 0.00839723 111.506 -0.9763 0.215184 0.023135 -2.67825 0.0207841 -0.013182 0.999697 1.41796
0.180401 0.983592 0.00137175 111.544 -0.983352 0.180326 0.0223871 -3.08962 0.0217724 -0.00538756 0.999748 1.43073
0.148961 0.988842 -0.00126798 111.604 -0.988575 0.148951 0.023081 -3.54151 0.0230124 -0.00218469 0.999733 1.44576
0.121603 0.992578 0.00159177 111.645 -0.992357 0.121542 0.0213587 -3.99744 0.0210066 -0.00417688 0.999771 1.45958
0.0961047 0.995338 0.00819961 111.699 -0.99522 0.0959436 0.0181953 -4.47936 0.0173238 -0.00990907 0.999801 1.46414
0.0715349 0.997345 0.0136395 111.746 -0.997346 0.0713359 0.014561 -4.99045 0.0135494 -0.0146449 0.999801 1.47135
0.0494831 0.998724 0.0101175 111.752 -0.998714 0.049366 0.0115181 -5.5036 0.0110039 -0.0106744 0.999882 1.48831
0.0291452 0.999569 0.00362643 111.749 -0.999509 0.0291013 0.0116432 -6.04064 0.0115327 -0.00396399 0.999926 1.5076
0.0107303 0.999941 -0.00192278 111.747 -0.99985 0.0107555 0.0135747 -6.6071 0.0135946 0.00177683 0.999906 1.5257
-0.00317695 0.999994 -0.00177944 111.736 -0.99982 -0.00314308 0.0187004 -7.16898 0.0186947 0.00183853 0.999823 1.5325
-0.0150119 0.999884 0.00247315 111.744 -0.999613 -0.0150656 0.0233749 -7.77156 0.0234095 -0.00212129 0.999724 1.53562
-0.0212444 0.999774 0.000975122 111.725 -0.999498 -0.0212614 0.0235109 -8.38294 0.0235263 -0.000475158 0.999723 1.54593
-0.0240516 0.999693 -0.00595638 111.698 -0.999513 -0.0239279 0.020023 -9.02553 0.0198743 0.00643507 0.999782 1.57108
-0.0240952 0.999679 -0.00786635 111.683 -0.999551 -0.0239503 0.0180065 -9.68208 0.0178123 0.00829668 0.999807 1.58534
-0.021838 0.999736 -0.00715299 111.671 -0.999612 -0.0217105 0.0174391 -10.3566 0.0172792 0.00753105 0.999822 1.60814
-0.0204269 0.999786 -0.00326709 111.668 -0.999632 -0.0203652 0.017917 -11.0526 0.0178466 0.00363187 0.999834 1.61673
-0.0194028 0.99981 -0.00189361 111.662 -0.999638 -0.0193641 0.0186753 -11.7585 0.0186351 0.00225528 0.999824 1.63621
-0.018309 0.999831 -0.00164523 111.651 -0.999646 -0.0182737 0.019346 -12.4826 0.0193127 0.00199885 0.999811 1.6525
-0.0177592 0.999841 -0.00169783 111.641 -0.999666 -0.0177241 0.0188349 -13.2302 0.0188018 0.00203176 0.999821 1.67327
-0.0169451 0.999856 -0.000411087 111.634 -0.999701 -0.0169352 0.0176287 -13.9806 0.0176192 0.000709684 0.999844 1.69072
-0.0164502 0.999864 -0.00116523 111.621 -0.999734 -0.0164291 0.0162048 -14.757 0.0161834 0.00143149 0.999868 1.71357
-0.0168573 0.999857 -0.0016895 111.609 -0.999764 -0.0168324 0.013754 -15.5211 0.0137236 0.00192096 0.999904 1.73524
-0.0178279 0.999841 -0.000575811 111.599 -0.999765 -0.0178194 0.0123461 -16.3092 0.0123339 0.000795782 0.999923 1.75266
-0.0192176 0.999812 0.00256219 111.593 -0.999752 -0.0192451 0.0111989 -17.1045 0.0112461 -0.00234634 0.999934 1.76802
-0.0202506 0.999795 -0.000255362 111.575 -0.999759 -0.0202477 0.00850985 -17.9 0.00850293 0.00042763 0.999964 1.78503
-0.0215103 0.999768 -0.00134838 111.558 -0.999749 -0.0215012 0.00637486 -18.718 0.00634439 0.00148516 0.999979 1.80731
-0.0230003 0.999735 0.000212486 111.545 -0.999721 -0.0230011 0.00545358 -19.5265 0.00545702 -8.69932e-05 0.999985 1.82193
-0.0241474 0.999701 0.00386377 111.535 -0.999664 -0.0241826 0.00936782 -20.3423 0.00945845 -0.00363627 0.999948 1.84117
-0.025038 0.999681 0.00346007 111.518 -0.999586 -0.0250844 0.0141071 -21.1759 0.0141894 -0.00310542 0.999894 1.85649
-0.0260687 0.999657 0.00239866 111.495 -0.999539 -0.0261028 0.0155042 -22.012 0.0155615 -0.00199338 0.999877 1.87891
-0.0273844 0.999604 0.0064197 111.481 -0.999534 -0.027468 0.0133292 -22.8561 0.0135003 -0.0060517 0.99989 1.89671
-0.0282038 0.999562 0.00899948 111.465 -0.999562 -0.0282827 0.00876619 -23.6983 0.00901688 -0.00874829 0.999921 1.91861
-0.0285531 0.999539 0.0102827 111.445 -0.999586 -0.0285894 0.00340575 -24.5556 0.00369815 -0.0101812 0.999941 1.9398
-0.0289652 0.999492 0.0133301 111.427 -0.999579 -0.0289407 -0.00202562 -25.3926 -0.00163881 -0.0133831 0.999909 1.95177
-0.0288228 0.999454 0.0161261 111.412 -0.99958 -0.0287714 -0.00340488 -26.2326 -0.00293905 -0.0162175 0.999864 1.96277
-0.0279449 0.999516 0.0136928 111.39 -0.999604 -0.0279887 0.0030217 -27.0782 0.00340348 -0.0136029 0.999902 1.98553
-0.0266049 0.999579 0.0115597 111.367 -0.999547 -0.0267633 0.0137702 -27.9046 0.0140737 -0.0111881 0.999838 2.00356
-0.026465 0.999599 0.0100853 111.348 -0.999468 -0.0266515 0.0188408 -28.7323 0.019102 -0.00958126 0.999772 2.02202
-0.0249839 0.999652 0.00846422 111.326 -0.999592 -0.025098 0.0136547 -29.5646 0.0138624 -0.00811961 0.999871 2.04092
-0.024095 0.999698 0.00484511 111.303 -0.999693 -0.0241227 0.00575774 -30.3985 0.00587287 -0.00470488 0.999972 2.06577
-0.0240517 0.999704 0.00352127 111.285 -0.999708 -0.0240605 0.00249842 -31.2222 0.00258241 -0.00346014 0.999991 2.09003
-0.0239944 0.999699 0.0050665 111.271 -0.999709 -0.0240072 0.00250054 -32.0459 0.00262142 -0.00500502 0.999984 2.10855
-0.0253657 0.999645 0.00817073 111.261 -0.999673 -0.0253913 0.00305543 -32.8585 0.00326181 -0.00809055 0.999962 2.12426
-0.0269975 0.999583 0.0102072 111.246 -0.99963 -0.0270318 0.00324891 -33.6725 0.00352347 -0.0101157 0.999943 2.13926
-0.029489 0.999507 0.0107637 111.227 -0.99956 -0.0295234 0.00305155 -34.486 0.00336783 -0.0106689 0.999937 2.15664
-0.0313949 0.999437 0.0117924 111.207 -0.999501 -0.0314343 0.00317223 -35.2887 0.00354113 -0.0116869 0.999925 2.17673
-0.033463 0.999349 0.0135003 111.186 -0.999434 -0.0335076 0.00308952 -36.0876 0.00353987 -0.0133893 0.999904 2.19043
-0.0357942 0.999244 0.0151619 111.165 -0.999356 -0.0358296 0.00207315 -36.8849 0.00261482 -0.0150779 0.999883 2.20441
-0.0376848 0.999178 0.0149167 111.138 -0.999289 -0.0377052 0.00108904 -37.6791 0.00165058 -0.014865 0.999888 2.22417
-0.0398936 0.999092 0.0149507 111.112 -0.999203 -0.0399139 0.0010648 -38.4621 0.00166057 -0.0148963 0.999887 2.2383
-0.0414334 0.999024 0.0153209 111.082 -0.999139 -0.041463 0.00162732 -39.2457 0.00226098 -0.0152403 0.999881 2.25572
-0.0427233 0.998976 0.0149186 111.052 -0.999085 -0.0427506 0.00151768 -40.0161 0.00215391 -0.0148401 0.999887 2.26889
-0.0439206 0.998947 0.0132747 111.018 -0.999035 -0.0439318 0.000560851 -40.7981 0.00114344 -0.0132372 0.999912 2.28589
-0.0454638 0.998884 0.0128095 110.986 -0.998966 -0.0454669 -4.22609e-05 -41.5685 0.000540195 -0.0127982 0.999918 2.30117
-0.0469576 0.998803 0.0137176 110.955 -0.998897 -0.0469545 -0.000547866 -42.3204 9.68941e-05 -0.0137282 0.999906 2.31678
-0.0481007 0.998724 0.0153572 110.925 -0.998843 -0.048083 -0.00151811 -43.0785 -0.000777754 -0.0154125 0.999881 2.32988
-0.049214 0.998664 0.0157385 110.896 -0.998787 -0.0491776 -0.00268563 -43.8037 -0.00190806 -0.0158516 0.999872 2.34285
-0.0498599 0.998632 0.0157731 110.864 -0.998754 -0.0498203 -0.0028938 -44.5298 -0.00210401 -0.0158977 0.999871 2.35642
-0.0503733 0.998607 0.0156808 110.832 -0.998731 -0.0503691 -0.00066441 -45.2324 0.000126341 -0.0156943 0.999877 2.37197
-0.0503757 0.998601 0.0160892 110.803 -0.998728 -0.0504092 0.00168631 -45.9292 0.002495 -0.0159838 0.999869 2.38963
-0.0504079 0.998581 0.0171935 110.775 -0.99872 -0.0504715 0.00328531 -46.6268 0.00414843 -0.0170059 0.999847 2.39944
-0.0508724 0.998563 0.0168511 110.741 -0.998694 -0.0509465 0.00400111 -47.3248 0.00485386 -0.0166255 0.99985 2.41584
-0.0506875 0.9986 0.0151533 110.709 -0.998704 -0.0507517 0.00388956 -48.0152 0.00465317 -0.0149366 0.999877 2.42972
-0.0511385 0.998585 0.0146146 110.677 -0.998684 -0.0511912 0.00325793 -48.7103 0.00400146 -0.0144287 0.999888 2.44783
-0.0514336 0.998519 0.0177257 110.649 -0.998667 -0.0515038 0.00352525 -49.4165 0.00443297 -0.0175208 0.999837 2.45839
-0.0513695 0.998489 0.0194957 110.623 -0.99867 -0.0514487 0.00358388 -50.0782 0.00458149 -0.0192856 0.999803 2.47384
-0.0515281 0.99851 0.0179632 110.59 -0.998667 -0.051576 0.00221226 -50.7812 0.00313543 -0.0178253 0.999836 2.48838
-0.0528487 0.998444 0.0177966 110.558 -0.9986 -0.0528794 0.00126153 -51.4581 0.00220064 -0.017705 0.999841 2.50263
-0.0562449 0.998195 0.0210361 110.531 -0.998416 -0.0562697 0.000592322 -52.115 0.00177495 -0.0209694 0.999778 2.51734
-0.0613683 0.99789 0.0212191 110.498 -0.998114 -0.0613944 0.000583358 -52.801 0.00188486 -0.0211432 0.999775 2.52805
-0.0673617 0.997509 0.0209529 110.453 -0.997716 -0.0674534 0.00369871 -53.4553 0.00510283 -0.0206558 0.999774 2.5451
-0.0742744 0.997033 0.0202389 110.402 -0.997207 -0.0744181 0.00644117 -54.1414 0.00792819 -0.0197039 0.999774 2.55376
-0.0812028 0.996466 0.0214908 110.349 -0.996653 -0.081385 0.00774675 -54.8022 0.00946839 -0.0207898 0.999739 2.57181
-0.0874787 0.995886 0.0236478 110.297 -0.996123 -0.0876714 0.00723958 -55.4962 0.00928303 -0.0229228 0.999694 2.58576
-0.0929402 0.99538 0.0240915 110.236 -0.995638 -0.0931108 0.00605488 -56.1883 0.00827008 -0.0234236 0.999691 2.601
-0.0976537 0.994876 0.0262038 110.178 -0.995185 -0.0978396 0.00590341 -56.8648 0.00843692 -0.0255012 0.999639 2.62129
-0.10165 0.994399 0.0289616 110.11 -0.994788 -0.10184 0.00518732 -57.5767 0.00810773 -0.0282834 0.999567 2.63196
-0.104444 0.994137 0.0279761 110.039 -0.994517 -0.104551 0.00238395 -58.2695 0.00529489 -0.0275737 0.999606 2.6422
-0.106607 0.99398 0.0252802 109.963 -0.9943 -0.10662 -0.000843766 -59.0047 0.0018567 -0.0252261 0.99968 2.6571
-0.108357 0.99379 0.0253144 109.891 -0.994112 -0.108302 -0.00354549 -59.7075 -0.000781872 -0.0255495 0.999673 2.66853
-0.109713 0.993624 0.0259831 109.816 -0.993963 -0.109648 -0.00392149 -60.4436 -0.00104749 -0.0262564 0.999655 2.67627
-0.110324 0.993592 0.0245734 109.737 -0.993893 -0.110347 -0.000430665 -61.1722 0.00228369 -0.0244708 0.999698 2.68865
-0.110685 0.993678 0.0188163 109.652 -0.993838 -0.110775 0.00383778 -61.89 0.00589788 -0.0182755 0.999816 2.69553
-0.111264 0.99371 0.0126938 109.557 -0.993747 -0.11137 0.00798223 -62.646 0.00934572 -0.0117263 0.999888 2.71787
-0.112072 0.993634 0.01143 109.476 -0.993647 -0.112178 0.0090743 -63.3763 0.0102987 -0.0103404 0.999893 2.72987
-0.112335 0.993581 0.0133069 109.398 -0.993634 -0.112436 0.00712851 -64.1357 0.00857893 -0.0124214 0.999886 2.744
-0.112369 0.99359 0.0123138 109.317 -0.993659 -0.112409 0.00261605 -64.8828 0.00398346 -0.0119417 0.999921 2.75483
-0.112608 0.993601 0.00879561 109.229 -0.993639 -0.112617 0.000566388 -65.6205 0.0015533 -0.00867587 0.999961 2.77489
-0.113539 0.993509 0.00697866 109.144 -0.993533 -0.113543 0.000279346 -66.3718 0.00106991 -0.00690181 0.999976 2.79023
-0.115336 0.993284 0.0091763 109.065 -0.993326 -0.115344 0.000372388 -67.1093 0.00142832 -0.0090721 0.999958 2.8035
-0.117384 0.993043 0.00933432 108.977 -0.993085 -0.117398 0.00087897 -67.8652 0.00196868 -0.00916659 0.999956 2.81965
-0.119754 0.992763 0.00895113 108.889 -0.992802 -0.119767 0.000878714 -68.6043 0.0019444 -0.00878146 0.99996 2.83075
-0.121618 0.992541 0.00843579 108.8 -0.992576 -0.121629 0.000876805 -69.3521 0.0018963 -0.00826651 0.999964 2.84571
-0.123596 0.992291 0.00906904 108.709 -0.992332 -0.123604 0.000362557 -70.1025 0.00148073 -0.00895467 0.999959 2.85918
-0.125183 0.992086 0.00968831 108.621 -0.992132 -0.125195 0.000578028 -70.8448 0.00178638 -0.00953971 0.999953 2.87111
-0.126212 0.991946 0.010685 108.527 -0.991999 -0.126236 0.0016233 -71.6102 0.00295905 -0.0103946 0.999942 2.88994
-0.12743 0.991792 0.010459 108.44 -0.991842 -0.127458 0.00206447 -72.3514 0.0033806 -0.0101106 0.999943 2.89806
-0.128581 0.991639 0.0109517 108.342 -0.991694 -0.128608 0.00185919 -73.13 0.00325212 -0.0106217 0.999938 2.91365
-0.12971 0.991497 0.0104314 108.244 -0.991551 -0.129722 0.00045432 -73.8829 0.00180363 -0.0102843 0.999946 2.92536
-0.130843 0.991331 0.0119476 108.15 -0.991403 -0.130833 -0.00164895 -74.674 -7.15226e-05 -0.0120606 0.999927 2.93663
-0.132466 0.991081 0.0145512 108.053 -0.991187 -0.132428 -0.00358676 -75.4534 -0.00162779 -0.0148981 0.999888 2.94446
-0.13458 0.990811 0.0134697 107.946 -0.9909 -0.134534 -0.00428807 -76.2247 -0.00243653 -0.0139242 0.9999 2.95546
-0.136681 0.990538 0.0123709 107.842 -0.990613 -0.13664 -0.00408472 -77.0288 -0.00235571 -0.0128131 0.999915 2.96923
-0.138802 0.990237 0.0128066 107.735 -0.99032 -0.138772 -0.00317729 -77.8093 -0.00136906 -0.0131237 0.999913 2.97464
-0.139983 0.990082 0.0119186 107.618 -0.990152 -0.139998 0.000468245 -78.6207 0.00213218 -0.0117356 0.999929 2.98469
-0.141155 0.989928 0.0108237 107.512 -0.989974 -0.141203 0.00382938 -79.411 0.00531916 -0.0101747 0.999934 2.99551
-0.141637 0.989868 0.0100003 107.39 -0.98988 -0.141714 0.00749654 -80.2285 0.00883777 -0.00883725 0.999922 3.01404
-0.141558 0.989899 0.00787705 107.276 -0.989885 -0.141623 0.00841176 -81.0408 0.00944235 -0.00660662 0.999934 3.02479
-0.141478 0.98993 0.00465146 107.157 -0.989908 -0.141511 0.00762078 -81.8574 0.00820228 -0.00352634 0.99996 3.05015
-0.141104 0.98999 0.00323527 107.038 -0.989974 -0.141121 0.00609955 -82.6917 0.00649506 -0.00234216 0.999976 3.06196
-0.140417 0.990085 0.00384323 106.921 -0.990079 -0.140434 0.0046593 -83.5288 0.00515282 -0.00315086 0.999982 3.07695
-0.138802 0.99031 0.0044325 106.811 -0.990316 -0.138813 0.00240861 -84.3652 0.00300056 -0.00405525 0.999987 3.08836
-0.137297 0.990525 0.00302849 106.695 -0.99053 -0.137297 -0.000105369 -85.2102 0.000311432 -0.00301427 0.999995 3.10112
-0.13547 0.990778 0.00261066 106.581 -0.990776 -0.13546 -0.0037726 -86.0582 -0.00338416 -0.00309765 0.99999 3.11592
-0.133857 0.990995 0.00330157 106.475 -0.990996 -0.133844 -0.00366286 -86.9049 -0.00318798 -0.00376214 0.999988 3.12325
-0.132358 0.991198 0.0028188 106.362 -0.991202 -0.132358 -0.000257317 -87.7552 0.000118039 -0.00282805 0.999996 3.14001
-0.130803 0.991401 0.00378802 106.259 -0.991389 -0.130823 0.00577318 -88.595 0.00621909 -0.00300025 0.999976 3.15225
-0.129083 0.991608 0.00719402 106.154 -0.991592 -0.129141 0.00826995 -89.4291 0.00912958 -0.00606601 0.99994 3.17203
-0.127419 0.991821 0.00748228 106.051 -0.991819 -0.12747 0.00687467 -90.293 0.00777221 -0.0065451 0.999948 3.17532
-0.126476 0.991953 0.00579772 105.946 -0.991958 -0.126501 0.00420771 -91.1409 0.00490726 -0.00521892 0.999974 3.19995
-0.125784 0.992045 0.0050408 105.838 -0.992053 -0.125798 0.00267983 -92.0269 0.00329263 -0.00466366 0.999984 3.21329
-0.125198 0.992116 0.00561448 105.738 -0.992129 -0.12521 0.00188445 -92.8852 0.00257258 -0.00533435 0.999983 3.2341
-0.124651 0.992184 0.0057057 105.635 -0.992198 -0.124662 0.00157056 -93.7328 0.00226956 -0.00546541 0.999983 3.25338
-0.124064 0.992269 0.00326619 105.524 -0.992274 -0.124065 0.000198777 -94.6177 0.000602459 -0.00321628 0.999995 3.26255
-0.123237 0.992377 -0.000353335 105.419 -0.992378 -0.123237 -0.000361202 -95.4645 -0.000401993 0.000306134 1 3.27958
-0.122618 0.992453 -0.00110666 105.315 -0.992454 -0.122618 0.000203368 -96.338 6.61376e-05 0.00112325 0.999999 3.29591
-0.121958 0.992531 -0.00296406 105.214 -0.992533 -0.121951 0.00250746 -97.1801 0.00212726 0.00324774 0.999993 3.30857
-0.121155 0.992633 0.00100392 105.118 -0.99263 -0.121157 0.00264724 -98.0447 0.00274937 -0.00067579 0.999996 3.33111
-0.120843 0.992665 0.00374502 105.03 -0.992672 -0.120842 -0.0003236 -98.899 0.00013133 -0.00375667 0.999993 3.33743
-0.121202 0.992588 0.00894204 104.944 -0.992627 -0.121181 -0.00293605 -99.7365 -0.00183068 -0.00923196 0.999956 3.35467
-0.122154 0.99244 0.0119178 104.852 -0.992511 -0.122133 -0.00242271 -100.589 -0.000948837 -0.0121245 0.999926 3.36848
-0.123359 0.992246 0.0152103 104.761 -0.992358 -0.123392 0.00119476 -101.418 0.00306232 -0.0149467 0.999884 3.39113
-0.124206 0.992116 0.0166796 104.664 -0.992241 -0.124281 0.00356522 -102.256 0.00561007 -0.0161073 0.999855 3.40355
-0.124691 0.992066 0.0160132 104.564 -0.992178 -0.124771 0.00410044 -103.084 0.0060659 -0.0153767 0.999864 3.42192
-0.125265 0.992012 0.0148894 104.464 -0.992109 -0.125331 0.0035497 -103.901 0.00538743 -0.0143272 0.999883 3.43869
-0.125903 0.991952 0.0133898 104.361 -0.992026 -0.125969 0.00418482 -104.73 0.00583784 -0.0127561 0.999902 3.4583
-0.126553 0.991878 0.0127509 104.263 -0.991929 -0.12664 0.00631476 -105.527 0.00787825 -0.0118488 0.999899 3.48322
-0.127045 0.991815 0.0127608 104.164 -0.991854 -0.127149 0.00767595 -106.345 0.00923564 -0.0116816 0.999889 3.50329
-0.128364 0.991618 0.0147225 104.07 -0.991683 -0.128485 0.00760564 -107.133 0.0094335 -0.0136238 0.999863 3.52292
-0.130449 0.991327 0.0159338 103.973 -0.991416 -0.13057 0.00679809 -107.945 0.0088196 -0.0149102 0.99985 3.54033
-0.133402 0.990922 0.016651 103.871 -0.991014 -0.133544 0.00768796 -108.735 0.0098418 -0.0154757 0.999832 3.56206
-0.136813 0.990442 0.017492 103.769 -0.990527 -0.136993 0.00949122 -109.505 0.0117968 -0.0160277 0.999802 3.58615
-0.139893 0.989977 0.0193843 103.663 -0.990079 -0.140115 0.0105824 -110.298 0.0131924 -0.0177116 0.999756 3.60942
-0.143331 0.98949 0.0191324 103.556 -0.98959 -0.143545 0.0103288 -111.063 0.0129665 -0.0174528 0.999764 3.62678
-0.145831 0.989145 0.0180521 103.443 -0.989236 -0.146018 0.00952477 -111.84 0.0120573 -0.0164687 0.999792 3.64988
-0.148781 0.988721 0.0172053 103.327 -0.988793 -0.148965 0.00992916 -112.609 0.0123801 -0.0155352 0.999803 3.67437
-0.150083 0.988437 0.0216062 103.221 -0.988526 -0.150402 0.0139786 -113.378 0.0170666 -0.0192604 0.999669 3.69559
-0.151865 0.988089 0.024835 103.116 -0.988125 -0.152369 0.0198363 -114.134 0.0233841 -0.0215276 0.999495 3.71936
-0.154837 0.987707 0.0214648 102.994 -0.987609 -0.155311 0.0225291 -114.888 0.0255859 -0.0177104 0.999516 3.74757
-0.157656 0.987302 0.0194802 102.872 -0.987228 -0.15804 0.0201022 -115.651 0.0229256 -0.0160621 0.999608 3.77548
-0.161194 0.986728 0.0195971 102.75 -0.986777 -0.16148 0.0140157 -116.417 0.0169942 -0.0170787 0.99971 3.80147
-0.163158 0.986394 0.0201804 102.63 -0.986488 -0.163414 0.0117299 -117.178 0.0148681 -0.0179939 0.999728 3.82596
-0.165385 0.985992 0.0216348 102.508 -0.986086 -0.165695 0.013397 -117.918 0.0167941 -0.0191181 0.999676 3.85576
-0.167688 0.985524 0.024986 102.386 -0.985633 -0.168118 0.0162455 -118.676 0.0202109 -0.0219028 0.999556 3.87587
-0.170107 0.985096 0.0254788 102.262 -0.985144 -0.17062 0.0195071 -119.421 0.0235635 -0.021782 0.999485 3.89579
-0.172292 0.984775 0.0230971 102.13 -0.984684 -0.172817 0.0230609 -120.147 0.0267014 -0.0187701 0.999467 3.92992
-0.174302 0.984416 0.0233146 102.003 -0.984214 -0.174907 0.0270481 -120.888 0.0307045 -0.018232 0.999362 3.96243
-0.17692 0.983907 0.0250408 101.875 -0.983679 -0.177613 0.0288111 -121.614 0.0327949 -0.0195348 0.999271 3.9904
-0.179466 0.983489 0.0232718 101.742 -0.983285 -0.180066 0.0269594 -122.355 0.0307047 -0.0180445 0.999366 4.01846
-0.18386 0.982781 0.018358 101.6 -0.982596 -0.184264 0.0235146 -123.078 0.0264924 -0.0137151 0.999555 4.05607
-0.189233 0.981784 0.0170505 101.455 -0.981636 -0.189574 0.0212867 -123.816 0.0241313 -0.0127093 0.999628 4.09179
-0.195751 0.980506 0.0169998 101.317 -0.980382 -0.196076 0.020159 -124.535 0.0230993 -0.0127201 0.999652 4.11933
-0.204201 0.978765 0.0179003 101.174 -0.978651 -0.204545 0.0201063 -125.246 0.0233408 -0.0134124 0.999638 4.15027
-0.214497 0.976543 0.0188566 101.022 -0.976435 -0.214863 0.0202094 -125.966 0.0237869 -0.0140774 0.999618 4.17632
-0.226271 0.973872 0.0193815 100.861 -0.973759 -0.226654 0.0205442 -126.667 0.0244003 -0.0142244 0.999601 4.20594
-0.238526 0.970953 0.0188864 100.689 -0.970814 -0.238903 0.0211291 -127.379 0.0250274 -0.0132954 0.999599 4.23364
-0.250458 0.967988 0.0164349 100.505 -0.967819 -0.250771 0.0209991 -128.072 0.0244483 -0.0106466 0.999645 4.26019
-0.261538 0.965102 0.013271 100.313 -0.964903 -0.261772 0.0209197 -128.777 0.0236636 -0.00733391 0.999693 4.28991
-0.271742 0.962325 0.00930505 100.113 -0.962103 -0.271882 0.0209408 -129.471 0.0226817 -0.00326192 0.999738 4.31771
-0.280987 0.959705 0.0035024 99.9031 -0.959473 -0.280997 0.0212967 -130.148 0.0214227 0.00262364 0.999767 4.34579
-0.288876 0.957366 -0.000836475 99.6872 -0.957151 -0.288792 0.0215056 -130.839 0.0203471 0.00701308 0.999769 4.37193
-0.295389 0.955374 -0.00246098 99.4757 -0.955176 -0.295273 0.0213117 -131.518 0.0196339 0.0086459 0.99977 4.4023
-0.299991 0.953919 -0.00667147 99.2584 -0.953796 -0.299816 0.0196127 -132.198 0.0167087 0.0122469 0.999786 4.42429
-0.302585 0.953016 -0.0142849 99.0356 -0.953042 -0.302329 0.0175909 -132.868 0.0124456 0.0189368 0.999743 4.44441
-0.303627 0.952571 -0.020458 98.8124 -0.952753 -0.303351 0.0155385 -133.538 0.00859558 0.0242093 0.99967 4.46838
-0.304572 0.952141 -0.0257518 98.593 -0.952463 -0.304251 0.015705 -134.209 0.00711837 0.029311 0.999545 4.47927
-0.304529 0.95217 -0.025216 98.381 -0.952449 -0.304122 0.0187328 -134.866 0.010168 0.0297216 0.999507 4.51133
-0.303533 0.952533 -0.0234386 98.1785 -0.952724 -0.303059 0.0217318 -135.521 0.013597 0.0289268 0.999489 4.52526
-0.302688 0.952731 -0.0261377 97.9665 -0.952998 -0.302163 0.0222269 -136.18 0.0132784 0.0316369 0.999411 4.54136
-0.30079 0.953227 -0.0297184 97.7612 -0.953625 -0.300258 0.0210872 -136.833 0.0111777 0.034683 0.999336 4.55885
-0.299173 0.953606 -0.0336417 97.5545 -0.954161 -0.298658 0.0195196 -137.482 0.00856666 0.0379393 0.999244 4.57646
-0.297609 0.954083 -0.0339819 97.3568 -0.954653 -0.297105 0.0191427 -138.127 0.00816757 0.0381379 0.999239 4.59774
-0.295165 0.954816 -0.0346981 97.1585 -0.955391 -0.294564 0.0214451 -138.773 0.0102553 0.0394801 0.999168 4.61707
-0.29142 0.955961 -0.0348403 96.9668 -0.956533 -0.290791 0.0220378 -139.404 0.010936 0.0397481 0.99915 4.63624
-0.286046 0.957502 -0.036992 96.7797 -0.958161 -0.285403 0.0217466 -140.034 0.0102648 0.0416649 0.999079 4.65315
-0.280755 0.958984 -0.0390756 96.6018 -0.959741 -0.280143 0.020458 -140.652 0.00867216 0.0432461 0.999027 4.6689
-0.275777 0.960407 -0.0395583 96.4247 -0.961198 -0.275244 0.0184645 -141.286 0.00684524 0.0431154 0.999047 4.68957
-0.271701 0.961549 -0.0400288 96.2526 -0.962364 -0.27121 0.0173331 -141.906 0.00581042 0.0432317 0.999048 4.7092
-0.267952 0.962544 -0.0413626 96.0871 -0.963422 -0.2675 0.0161999 -142.512 0.0045286 0.0441904 0.999013 4.72466
-0.263923 0.963533 -0.0441448 95.9205 -0.964541 -0.263529 0.0146234 -143.121 0.00245665 0.0464389 0.998918 4.73125
-0.260235 0.964409 -0.0468351 95.7548 -0.965546 -0.259908 0.0130477 -143.719 0.000410553 0.0486168 0.998818 4.74923
-0.256574 0.965454 -0.0454823 95.6054 -0.966525 -0.256303 0.0117974 -144.318 -0.000267421 0.0469867 0.998896 4.76045
-0.252973 0.966524 -0.0428536 95.4617 -0.967473 -0.252679 0.012243 -144.913 0.00100497 0.0445568 0.999006 4.7732
-0.248664 0.967649 -0.0426954 95.3127 -0.96858 -0.248216 0.0155763 -145.495 0.00447466 0.0452271 0.998967 4.78388
-0.243098 0.968992 -0.0442632 95.1688 -0.969972 -0.242478 0.0189485 -146.082 0.00762812 0.0475404 0.99884 4.79597
-0.236798 0.970598 -0.0432035 95.0314 -0.971516 -0.236134 0.0199439 -146.659 0.00915566 0.0466956 0.998867 4.80572
-0.228264 0.972746 -0.0407654 94.9116 -0.97356 -0.227674 0.0186321 -147.245 0.00884311 0.0439405 0.998995 4.82052
-0.21739 0.97525 -0.0403803 94.7868 -0.976057 -0.216886 0.016532 -147.829 0.00736496 0.0430074 0.999048 4.837
-0.20528 0.977824 -0.041479 94.6702 -0.978683 -0.204816 0.015185 -148.399 0.00635267 0.043712 0.999024 4.85227
