1 0 0 0 0 1 0 0 0 0 1 0
0.999999 -0.00165067 -0.00050425 0.557434 0.00164967 0.999997 -0.00197619 -0.00121433 0.00050751 0.00197536 0.999998 0.0112164
0.999995 -0.00262638 -0.00181472 1.12277 0.00262218 0.999994 -0.00231637 1.70295e-05 0.0018208 0.0023116 0.999996 0.0223459
0.999985 -0.00456506 -0.00295421 1.67437 0.004558 0.999987 -0.00239181 0.00736791 0.00296509 0.00237831 0.999993 0.030878
0.999968 -0.00655986 -0.00448562 2.22693 0.00654174 0.99997 -0.00404258 0.00994928 0.00451201 0.00401311 0.999982 0.0418115
0.999948 -0.0080246 -0.00633328 2.79258 0.00798362 0.999947 -0.00646981 0.0119253 0.00638486 0.00641891 0.999959 0.0541479
0.99993 -0.00960903 -0.0068934 3.35521 0.00955866 0.999928 -0.00730414 0.0185498 0.00696309 0.00723774 0.99995 0.0623452
0.999922 -0.0108224 -0.00624233 3.93549 0.010776 0.999914 -0.00742361 0.0253231 0.00632214 0.00735577 0.999953 0.0721149
0.999906 -0.0121621 -0.00630786 4.51434 0.0121142 0.999898 -0.00757714 0.0350134 0.00639937 0.00750002 0.999951 0.0836583
0.999876 -0.0130135 -0.00888478 5.10692 0.0129504 0.999891 -0.0071161 0.0468237 0.00897641 0.00700016 0.999935 0.0972532
0.999815 -0.0145201 -0.0126432 5.70455 0.0144456 0.999878 -0.00596486 0.0629213 0.0127283 0.00578112 0.999902 0.109399
0.999737 -0.0157999 -0.0166274 6.3113 0.0157252 0.999866 -0.00461421 0.0799299 0.0166981 0.00435153 0.999851 0.117802
0.999723 -0.016782 -0.0164925 6.9381 0.0167318 0.999855 -0.00318063 0.0969731 0.0165435 0.0029038 0.999859 0.129679
0.999782 -0.0183023 -0.00999499 7.58059 0.0182904 0.999832 -0.00127344 0.116345 0.0100166 0.00109035 0.999949 0.136346
0.999823 -0.0188121 0.000688869 8.24422 0.0188124 0.999823 -0.000478729 0.130751 -0.000679744 0.000491602 1 0.149371
0.99977 -0.0200425 0.00758611 8.92009 0.020041 0.999799 0.000283572 0.148199 -0.00759027 -0.000131475 0.999971 0.161216
0.999747 -0.0213002 0.00723374 9.59806 0.021288 0.999772 0.0017539 0.171883 -0.00726945 -0.00159947 0.999972 0.172214
0.999764 -0.0217086 -0.000150181 10.2893 0.021709 0.999754 0.0044636 0.195924 5.32424e-05 -0.00446581 0.99999 0.169381
0.999714 -0.0231371 -0.00611968 11.0033 0.0231655 0.999721 0.00461697 0.219225 0.00601114 -0.00475741 0.999971 0.167257
0.999702 -0.0239012 -0.00498233 11.732 0.0239175 0.999709 0.00322171 0.237641 0.00490388 -0.00333992 0.999982 0.171465
0.999683 -0.024811 0.0042183 12.4949 0.024804 0.999691 0.0017 0.258043 -0.00425918 -0.00159483 0.99999 0.175988
0.999623 -0.0247971 0.0117901 13.2701 0.0247904 0.999692 0.000713582 0.278723 -0.0118042 -0.000421033 0.99993 0.177487
0.999564 -0.0257447 0.0144305 14.0611 0.0257442 0.999668 0.000217445 0.301131 -0.0144313 0.00015415 0.999896 0.178892
0.999567 -0.0259071 0.0139514 14.8613 0.0259289 0.999663 -0.00138174 0.320949 -0.0139109 0.00174289 0.999902 0.17809
0.999619 -0.024996 0.0116795 15.6843 0.0250165 0.999686 -0.00161412 0.343603 -0.0116355 0.00190568 0.999931 0.175755
0.999655 -0.0249093 0.00826174 16.5178 0.024905 0.99969 0.000625116 0.369523 -0.00827475 -0.000419143 0.999966 0.160953
0.999719 -0.0234683 0.00322911 17.3731 0.0234757 0.999722 -0.00226273 0.391225 -0.00317511 0.0023379 0.999992 0.162731
0.999727 -0.0232093 -0.00272492 18.2307 0.0231957 0.999719 -0.00492751 0.409647 0.00283851 0.00486295 0.999984 0.169633
0.999736 -0.0215972 -0.00779947 19.1254 0.0215663 0.999759 -0.00403199 0.435397 0.00788467 0.00386272 0.999961 0.178293
0.999721 -0.0217896 -0.00910428 20.0269 0.0217694 0.99976 -0.00231465 0.460298 0.00915254 0.00211581 0.999956 0.180568
0.999723 -0.0220249 -0.00834297 20.9483 0.0220018 0.999754 -0.00285003 0.485623 0.00840369 0.00266568 0.999961 0.194541
0.999725 -0.021628 -0.00910856 21.8933 0.0216093 0.999764 -0.0021413 0.50895 0.00915272 0.00194388 0.999956 0.210201
0.999702 -0.0217578 -0.0111036 22.8333 0.0217726 0.999762 0.00121545 0.53763 0.0110745 -0.00145684 0.999938 0.228142
0.999694 -0.0216521 -0.0119602 23.8062 0.021717 0.99975 0.00532617 0.566937 0.0118419 -0.00558428 0.999914 0.242155
0.999692 -0.0219322 -0.0116312 24.7623 0.0220079 0.999737 0.00641929 0.595103 0.0114874 -0.00667329 0.999912 0.260227
0.999693 -0.0219769 -0.0114378 25.7553 0.0220598 0.999731 0.00717854 0.62359 0.011277 -0.00742866 0.999909 0.280319
0.99969 -0.0222153 -0.0111933 26.7188 0.0222998 0.999723 0.00748603 0.652297 0.0110239 -0.00773333 0.999909 0.300453
0.999694 -0.0225766 -0.0100676 27.713 0.0226591 0.99971 0.00815326 0.679845 0.00988059 -0.00837889 0.999916 0.320257
0.99971 -0.0226396 -0.00824159 28.7386 0.0227087 0.999707 0.00839225 0.706235 0.00804918 -0.00857697 0.999931 0.338914
0.999705 -0.0232338 -0.00700789 29.733 0.0232946 0.99969 0.0087325 0.734502 0.00680283 -0.00889318 0.999937 0.354399
0.999704 -0.0230916 -0.00761322 30.7684 0.0231579 0.999694 0.00874519 0.762786 0.00740894 -0.00891891 0.999933 0.377439
0.999689 -0.0235159 -0.00827341 31.776 0.0236016 0.999667 0.0104196 0.793179 0.00802563 -0.0106116 0.999912 0.394733
0.999686 -0.0239329 -0.00739277 32.8095 0.0240088 0.999658 0.0103503 0.824121 0.00714253 -0.0105245 0.999919 0.411882
0.999692 -0.024401 -0.00458158 33.8759 0.0244429 0.999658 0.00931992 0.851953 0.00435259 -0.00942904 0.999946 0.431513
0.999685 -0.025061 -0.00117046 34.9179 0.0250707 0.999644 0.00915312 0.882869 0.000940652 -0.00917958 0.999958 0.445559
0.999678 -0.0253656 0.0010817 35.993 0.025355 0.999639 0.00882468 0.913973 -0.00130516 -0.00879441 0.999961 0.459474
0.99966 -0.026002 0.00175032 37.0395 0.0259856 0.999623 0.00882877 0.947292 -0.00197923 -0.00878029 0.99996 0.470458
0.999658 -0.0261488 0.000529259 38.1257 0.026143 0.999618 0.00890955 0.97908 -0.000762034 -0.00889267 0.99996 0.482893
0.999636 -0.0269828 9.7525e-05 39.1898 0.0269805 0.999589 0.00969382 1.0148 -0.000359054 -0.00968766 0.999953 0.492505
0.999613 -0.0277704 0.00124001 40.2648 0.0277575 0.99957 0.00946586 1.04792 -0.00150235 -0.00942778 0.999955 0.503312
0.999595 -0.0282526 0.00337389 41.3544 0.0282214 0.999562 0.00894391 1.08255 -0.0036251 -0.00884508 0.999954 0.517685
0.999561 -0.0291023 0.00556699 42.423 0.0290558 0.999544 0.00824857 1.11964 -0.00580451 -0.0080832 0.999951 0.527285
0.999551 -0.029348 0.00600951 43.5064 0.0292939 0.999531 0.00890793 1.15572 -0.00626812 -0.00872789 0.999942 0.538149
0.999549 -0.0298936 0.00273543 44.5648 0.0298617 0.999493 0.0110582 1.19595 -0.00306462 -0.0109715 0.999935 0.552393
0.99956 -0.0296377 -0.00124519 45.6442 0.0296521 0.999465 0.0138258 1.23484 0.000834755 -0.0138566 0.999904 0.567211
0.999554 -0.0298079 -0.00151684 46.7055 0.0298274 0.99944 0.0151366 1.27559 0.0010648 -0.0151751 0.999884 0.578374
0.999557 -0.0297206 0.00114756 47.7911 0.0297017 0.999461 0.0139965 1.31145 -0.00156293 -0.0139562 0.999902 0.592438
0.999565 -0.029342 0.00290551 48.8857 0.0292972 0.999467 0.0144067 1.34954 -0.00332668 -0.0143153 0.999892 0.601053
0.99956 -0.0293107 0.00446497 49.9572 0.0292528 0.999494 0.0125097 1.38635 -0.00482938 -0.0123736 0.999912 0.613918
0.999574 -0.0288683 0.00415877 51.043 0.0288105 0.999496 0.0133581 1.42264 -0.0045423 -0.0132326 0.999902 0.624109
0.999589 -0.028511 0.00285962 52.1092 0.0284733 0.999517 0.0124643 1.45763 -0.00321361 -0.0123777 0.999918 0.639201
0.999602 -0.0282078 0.000479175 53.1843 0.0281986 0.999508 0.0137324 1.49555 -0.000866303 -0.0137134 0.999906 0.646542
0.999618 -0.0276043 -0.00141772 54.2673 0.02762 0.999539 0.0125996 1.52859 0.00106926 -0.0126339 0.99992 0.662658
0.999607 -0.0276681 -0.00450148 55.3343 0.0277184 0.999549 0.0115083 1.56151 0.00418103 -0.0116285 0.999924 0.681977
0.999616 -0.0270802 -0.00589282 56.4136 0.0271401 0.999578 0.0103334 1.59299 0.00561051 -0.0104894 0.999929 0.703396
0.999625 -0.027144 -0.00367664 57.4882 0.0271754 0.999592 0.00877285 1.62338 0.003437 -0.00886947 0.999955 0.722594
0.999642 -0.0266372 0.0022683 58.5782 0.0266206 0.999621 0.00705247 1.65355 -0.0024553 -0.00698956 0.999973 0.737719
0.999609 -0.0267031 0.00831506 59.6581 0.0266552 0.999628 0.00582534 1.68249 -0.00846752 -0.00560142 0.999949 0.747683
0.999599 -0.0266164 0.00960948 60.7417 0.0265754 0.999637 0.00436692 1.71155 -0.00972223 -0.00410979 0.999944 0.758139
0.999635 -0.0261171 0.00685423 61.8321 0.0261047 0.999657 0.00189346 1.73972 -0.00690134 -0.00171384 0.999975 0.764709
0.999653 -0.026049 0.00382319 62.9043 0.026048 0.999661 0.00029973 1.76942 -0.0038297 -0.000200035 0.999993 0.772044
0.999663 -0.025971 7.10306e-05 63.9949 0.0259707 0.99966 0.00239689 1.80536 -0.000133258 -0.00239424 0.999997 0.781056
0.999655 -0.025985 -0.00378841 65.0689 0.0259947 0.999659 0.00253298 1.83724 0.00372129 -0.00263058 0.99999 0.799143
0.999668 -0.025351 -0.00448964 66.1598 0.0253756 0.999663 0.00551859 1.87691 0.00434822 -0.00563069 0.999975 0.813562
0.9997 -0.0244427 -0.00115766 67.2626 0.0244521 0.999661 0.00898076 1.91314 0.000937751 -0.00900637 0.999959 0.824073
0.999701 -0.0244379 0.000920139 68.3514 0.0244273 0.99965 0.0101842 1.94894 -0.0011687 -0.0101587 0.999948 0.842794
0.999703 -0.0242808 0.00180206 69.4426 0.0242612 0.999654 0.0101989 1.98027 -0.00204908 -0.0101521 0.999947 0.85439
0.999696 -0.0244783 0.00277079 70.5306 0.0244529 0.999662 0.00884096 2.00819 -0.00298627 -0.00877052 0.999957 0.86763
0.999691 -0.0245127 0.00414421 71.6192 0.0244788 0.999668 0.00804206 2.03735 -0.00433997 -0.00793813 0.999959 0.878446
0.99967 -0.0249549 0.00610734 72.7085 0.0249152 0.999668 0.00649212 2.06799 -0.00626733 -0.00633781 0.99996 0.889317
0.999643 -0.0255301 0.00784509 73.7973 0.0254888 0.999661 0.00531446 2.09699 -0.00797812 -0.0051126 0.999955 0.898279
0.999639 -0.0259277 0.00705348 74.8765 0.0258946 0.999653 0.00473331 2.12638 -0.00717377 -0.00454896 0.999964 0.908437
0.99964 -0.0266031 0.00356762 75.9521 0.0265846 0.999633 0.00513657 2.16005 -0.00370296 -0.00503987 0.999981 0.920569
0.99963 -0.0271202 0.00174373 77.0247 0.0271086 0.999612 0.00635608 2.19472 -0.00191544 -0.00630646 0.999979 0.932845
0.999604 -0.0279047 0.00345316 78.0975 0.027878 0.999583 0.00752923 2.23225 -0.00366183 -0.00742999 0.999966 0.942393
0.999567 -0.028422 0.00756199 79.1743 0.0283575 0.999562 0.00849453 2.26859 -0.00780011 -0.00827642 0.999936 0.953982
0.999515 -0.0288272 0.0117469 80.2448 0.0287145 0.999541 0.00965101 2.30411 -0.0120197 -0.00930903 0.999885 0.959791
0.999486 -0.0294719 0.012605 81.3141 0.0293407 0.999515 0.0104659 2.34292 -0.0129073 -0.0100907 0.999866 0.965314
0.999497 -0.0297916 0.0108362 82.371 0.0296722 0.999499 0.0110172 2.38045 -0.011159 -0.0106901 0.999881 0.970048
0.99948 -0.0305837 0.0102068 83.4217 0.030474 0.999478 0.0107397 2.41618 -0.01053 -0.0104231 0.99989 0.975135
0.999467 -0.0309672 0.0103201 84.4654 0.0308592 0.999469 0.0104653 2.4517 -0.0106387 -0.0101412 0.999892 0.979016
0.999434 -0.0318614 0.0107388 85.4964 0.0317616 0.999452 0.00933304 2.48851 -0.0110303 -0.00898668 0.999899 0.989515
0.999395 -0.0324955 0.0124018 86.5122 0.0323903 0.999438 0.00858718 2.52251 -0.0126739 -0.00818029 0.999886 0.996974
0.999353 -0.0328141 0.0147439 87.5042 0.032698 0.999433 0.00804941 2.55778 -0.0149996 -0.0075621 0.999859 1.00038
0.999298 -0.0339052 0.0159528 88.4916 0.033789 0.999401 0.00749727 2.59458 -0.0161974 -0.00695297 0.999845 1.00786
0.999225 -0.0357708 0.0164353 89.4456 0.0356694 0.999343 0.00642241 2.63016 -0.0166542 -0.00583119 0.999845 1.01103
0.99911 -0.0390297 0.0159926 90.3781 0.0389424 0.999225 0.00573325 2.67113 -0.016204 -0.00510536 0.999856 1.01916
0.998985 -0.0423427 0.0153745 91.2859 0.0422604 0.999091 0.00563821 2.71487 -0.0155993 -0.00498275 0.999866 1.02098
0.998844 -0.0454228 0.0157262 92.172 0.0453434 0.998957 0.00536755 2.75868 -0.0159537 -0.00464826 0.999862 1.02618
0.998667 -0.048732 0.0169845 93.0355 0.0486336 0.998798 0.00615671 2.80751 -0.0172642 -0.00532249 0.999837 1.02977
0.998512 -0.0514983 0.0179079 93.8703 0.0513754 0.998653 0.00725772 2.85545 -0.0182575 -0.00632689 0.999814 1.03303
0.998319 -0.0546581 0.019253 94.6874 0.0545179 0.998483 0.00773516 2.90591 -0.0196466 -0.00667252 0.999785 1.03571
0.998155 -0.0573331 0.0199585 95.4727 0.0571541 0.998321 0.00942856 2.95562 -0.0204655 -0.00827045 0.999757 1.03607
0.997988 -0.0600285 0.0203781 96.2292 0.0598123 0.998148 0.0110589 3.00984 -0.0210043 -0.00981783 0.999731 1.03799
0.997845 -0.0626401 0.0195064 96.9546 0.0624036 0.997972 0.0125089 3.06289 -0.0202504 -0.0112647 0.999732 1.04173
0.997758 -0.0650211 0.0158453 97.6552 0.0647981 0.997797 0.0141989 3.11421 -0.0167337 -0.0131403 0.999774 1.04689
0.997645 -0.0675389 0.0119615 98.3242 0.0673363 0.997592 0.016604 3.16909 -0.0130541 -0.0157595 0.999791 1.05082
0.997546 -0.0694269 0.00898461 98.959 0.0692504 0.997425 0.0186614 3.22041 -0.0102571 -0.0179935 0.999786 1.05224
0.99749 -0.0703224 0.00822309 99.5622 0.0701431 0.997329 0.020361 3.27041 -0.00963296 -0.0197331 0.999759 1.05854
0.997537 -0.0695952 0.0086644 100.141 0.0693843 0.997333 0.0226318 3.31842 -0.0102164 -0.0219749 0.999707 1.06566
0.997717 -0.0668079 0.00988396 100.704 0.0665342 0.99745 0.025822 3.36416 -0.0115839 -0.0251055 0.999618 1.07016
0.998036 -0.0616523 0.0110977 101.241 0.0613149 0.99771 0.0285354 3.40637 -0.0128316 -0.0277989 0.999531 1.07541
0.998443 -0.0542703 0.0128693 101.762 0.0538743 0.998116 0.0293399 3.43602 -0.0144374 -0.0286009 0.999487 1.07982
0.99887 -0.0449348 0.0155013 102.258 0.0444697 0.998585 0.0291478 3.45892 -0.0167892 -0.0284255 0.999455 1.082
0.999307 -0.0331296 0.0169517 102.737 0.0326389 0.999062 0.0284459 3.46989 -0.0178782 -0.0278729 0.999452 1.08581
0.999648 -0.0199126 0.0174971 103.186 0.0194194 0.999421 0.0279183 3.47596 -0.018043 -0.0275687 0.999457 1.08897
0.999839 -0.00463077 0.0173245 103.619 0.00415584 0.999617 0.0273499 3.47384 -0.0174445 -0.0272736 0.999476 1.09143
0.999795 0.013205 0.0153593 104.034 -0.0136043 0.999564 0.0261845 3.46476 -0.0150068 -0.0263881 0.999539 1.09818
0.999338 0.0344962 0.011526 104.443 -0.034784 0.999062 0.0257828 3.44456 -0.0106258 -0.0261667 0.999601 1.09933
0.998226 0.0590888 0.0072714 104.853 -0.0592484 0.997951 0.0241528 3.41007 -0.00582935 -0.0245407 0.999682 1.1034
0.996267 0.0861479 0.00543016 105.242 -0.086247 0.996033 0.0219039 3.36283 -0.00352164 -0.0222905 0.999746 1.10695
0.993217 0.116173 0.00481999 105.634 -0.116246 0.99303 0.0194477 3.30123 -0.0025271 -0.0198761 0.999799 1.1099
0.988936 0.148294 0.00375551 106.003 -0.148337 0.988787 0.0172094 3.23013 -0.00116137 -0.017576 0.999845 1.11468
0.982907 0.18408 0.00277701 106.382 -0.184101 0.982788 0.0153384 3.14102 9.42804e-05 -0.0155875 0.999879 1.12048
0.975023 0.222091 0.00240439 106.733 -0.222103 0.974949 0.0120003 3.03414 0.000320979 -0.0122346 0.999925 1.12729
0.964994 0.262265 0.00199794 107.101 -0.262271 0.964942 0.00999208 2.91204 0.000692671 -0.0101663 0.999948 1.13682
0.952868 0.303379 0.00194438 107.421 -0.303383 0.95281 0.0105699 2.79156 0.00135406 -0.0106616 0.999942 1.14768
0.937742 0.347323 0.00245873 107.756 -0.347325 0.937657 0.0128414 2.65144 0.00215465 -0.0128959 0.999915 1.14787
0.919845 0.392264 0.00376181 108.102 -0.39228 0.919761 0.0125223 2.48805 0.00145209 -0.0129943 0.999915 1.15549
0.899902 0.436063 0.00499674 108.391 -0.436092 0.899823 0.0119439 2.32396 0.000712123 -0.0129274 0.999916 1.15495
0.876772 0.480883 0.00468008 108.704 -0.480904 0.876708 0.010644 2.12457 0.00101546 -0.0115831 0.999933 1.16482
0.851926 0.52365 0.00351723 108.964 -0.523656 0.851862 0.0107805 1.93095 0.00264904 -0.011026 0.999936 1.17558
0.824254 0.566218 0.00152193 109.25 -0.56619 0.824181 0.0124185 1.71243 0.00577721 -0.0110977 0.999922 1.1838
0.794123 0.607757 0.000393392 109.494 -0.607677 0.794008 0.0167236 1.50075 0.0098515 -0.0135196 0.99986 1.19142
0.760508 0.649328 0.000670327 109.767 -0.649176 0.760306 0.0224742 1.25325 0.0140835 -0.017527 0.999747 1.2004
0.723701 0.690112 0.00153258 109.997 -0.689886 0.723404 0.0272696 1.01261 0.0177104 -0.0207924 0.999627 1.19542
0.684678 0.728844 0.00135295 110.228 -0.728598 0.684397 0.0273084 0.734434 0.0189776 -0.0196832 0.999626 1.20331
0.643624 0.765341 0.00136457 110.45 -0.765139 0.643411 0.0241693 0.42428 0.0176198 -0.0166 0.999707 1.22339
0.600131 0.799895 0.00307263 110.641 -0.799742 0.599931 0.0222612 0.129432 0.0159633 -0.015817 0.999748 1.22306
0.553651 0.832732 0.00534607 110.849 -0.832632 0.553454 0.0203177 -0.217831 0.0139604 -0.0157002 0.999779 1.23761
0.506298 0.862332 0.00672664 111.006 -0.862272 0.506121 0.0181475 -0.529447 0.0122446 -0.0149882 0.999813 1.23728
0.455501 0.890201 0.0077597 111.174 -0.890201 0.455389 0.0127513 -0.91095 0.00781756 -0.0127159 0.999889 1.26388
0.404542 0.914448 0.0114476 111.303 -0.914493 0.404403 0.0127046 -1.25345 0.00698821 -0.0156083 0.999854 1.26564
0.353727 0.935239 0.0142828 111.428 -0.935291 0.353494 0.0165317 -1.62367 0.0104123 -0.0192063 0.999762 1.27401
0.302885 0.952886 0.016367 111.547 -0.952896 0.302514 0.0217597 -2.03152 0.0157833 -0.0221868 0.999629 1.28181
0.256386 0.966453 0.015317 111.628 -0.966393 0.255999 0.023442 -2.41534 0.0187345 -0.0208124 0.999608 1.28319
0.214081 0.976769 0.00955161 111.707 -0.976611 0.213826 0.0225883 -2.85209 0.0200212 -0.014164 0.999699 1.2986
0.178994 0.983846 0.00263236 111.748 -0.983625 0.178896 0.0218782 -3.26713 0.0210539 -0.00650533 0.999757 1.31117
0.147625 0.989043 8.6768e-05 111.805 -0.988794 0.147586 0.0224749 -3.71753 0.0222159 -0.00340366 0.999748 1.32543
0.120184 0.992747 0.00296513 111.848 -0.992544 0.120097 0.0208037 -4.1713 0.0202968 -0.0054433 0.999779 1.33889
0.0946909 0.995461 0.00951806 111.9 -0.995368 0.0945141 0.0175715 -4.6544 0.0165922 -0.0111379 0.9998 1.34082
0.0702913 0.997415 0.0148979 111.944 -0.997442 0.070083 0.0140707 -5.16486 0.0129902 -0.0158488 0.99979 1.34725
0.0480745 0.998777 0.0115513 111.953 -0.99879 0.0479483 0.0109581 -5.68068 0.0103908 -0.0120642 0.999873 1.36362
0.0277741 0.999601 0.00503761 111.951 -0.999555 0.0277173 0.0110044 -6.21552 0.0108604 -0.00534101 0.999927 1.38136
0.00944019 0.999955 -0.000551384 111.949 -0.999871 0.0094465 0.0129947 -6.78045 0.0129993 0.000428639 0.999916 1.39909
-0.0045602 0.999989 -0.000609201 111.941 -0.999826 -0.0045485 0.0180864 -7.34256 0.0180835 0.000691571 0.999836 1.40541
-0.0161712 0.999863 0.00357394 111.945 -0.999611 -0.0162482 0.0226766 -7.94541 0.0227316 -0.00320585 0.999737 1.40673
-0.0224767 0.999745 0.00211047 111.926 -0.999486 -0.0225191 0.022829 -8.55753 0.0228707 -0.00159627 0.999737 1.41588
-0.0252672 0.99967 -0.00454763 111.899 -0.999497 -0.0251752 0.0192584 -9.20092 0.0191376 0.00503195 0.999804 1.44083
-0.0251799 0.999662 -0.00635593 111.883 -0.999534 -0.025066 0.0174225 -9.85916 0.0172573 0.00679166 0.999828 1.45495
-0.0229771 0.999722 -0.0052967 111.871 -0.999594 -0.0228844 0.0169573 -10.5349 0.0168314 0.00568418 0.999842 1.47971
-0.0215571 0.999766 -0.00147232 111.868 -0.999618 -0.0215285 0.0173198 -11.23 0.017284 0.00184512 0.999849 1.48572
-0.0203492 0.999793 -8.50233e-05 111.86 -0.999633 -0.0203444 0.0179118 -11.9361 0.0179064 0.000449482 0.99984 1.50448
-0.0192766 0.999814 0.000334706 111.849 -0.999642 -0.0192796 0.018557 -12.6631 0.01856 2.31285e-05 0.999828 1.52003
-0.0186759 0.999825 0.000266585 111.841 -0.999662 -0.0186778 0.018095 -13.412 0.0180968 7.14445e-05 0.999836 1.54013
-0.0177154 0.999842 0.00138059 111.832 -0.999698 -0.0177364 0.0169865 -14.1665 0.0170083 -0.00107925 0.999855 1.55544
-0.0173731 0.999849 0.00045845 111.823 -0.999727 -0.0173783 0.0156443 -14.9462 0.0156499 -0.000186536 0.999878 1.57683
-0.0177312 0.999842 0.000208016 111.809 -0.999755 -0.0177325 0.0132507 -15.7167 0.0132524 2.69848e-05 0.999912 1.59842
-0.0186478 0.999824 0.00198735 111.8 -0.999755 -0.0186702 0.0119281 -16.5051 0.0119631 -0.00176443 0.999927 1.61541
-0.0199992 0.99979 0.00434279 111.793 -0.999739 -0.0200458 0.0109528 -17.3003 0.0110376 -0.00412261 0.999931 1.62837
-0.0210692 0.999776 0.00154562 111.774 -0.999742 -0.0210815 0.00839334 -18.0974 0.00842406 -0.00136838 0.999964 1.64566
-0.022253 0.999752 0.000599745 111.756 -0.999732 -0.0222565 0.00640881 -18.9176 0.00642058 -0.00045697 0.999979 1.66722
-0.0235314 0.99972 0.00218695 111.741 -0.999707 -0.0235435 0.00567075 -19.732 0.00572066 -0.00205287 0.999982 1.67968
-0.024642 0.99968 0.00565 111.731 -0.99965 -0.0246951 0.00952017 -20.551 0.00965666 -0.00541343 0.999939 1.69684
-0.0256212 0.999658 0.00516334 111.715 -0.999568 -0.0256927 0.014269 -21.3824 0.0143968 -0.00479553 0.999885 1.71138
-0.0266834 0.999635 0.00419326 111.695 -0.999517 -0.0267466 0.015791 -22.2197 0.0158974 -0.00376989 0.999867 1.73465
-0.0280722 0.999572 0.00812635 111.681 -0.999509 -0.028182 0.0137273 -23.0667 0.0139504 -0.007737 0.999873 1.75133
-0.0289752 0.999523 0.0106629 111.665 -0.999534 -0.0290745 0.00926778 -23.9139 0.00957339 -0.0103894 0.9999 1.77158
-0.0293359 0.9995 0.0117521 111.646 -0.999561 -0.0293814 0.00370612 -24.7662 0.00404957 -0.0116383 0.999924 1.79437
-0.0296509 0.999449 0.0148999 111.628 -0.999559 -0.0296267 -0.00184322 -25.6139 -0.00140077 -0.014948 0.999887 1.80556
-0.0295459 0.999407 0.0176642 111.614 -0.99956 -0.0294975 -0.00299878 -26.4607 -0.00247595 -0.017745 0.99984 1.81536
-0.0286477 0.999474 0.0151761 111.592 -0.999582 -0.0287022 0.00338355 -27.3038 0.00381736 -0.0150729 0.999879 1.83849
-0.0273166 0.999541 0.0131002 111.57 -0.999527 -0.0274967 0.0137629 -28.1277 0.0141168 -0.012718 0.99982 1.85746
-0.0269875 0.999566 0.0117812 111.551 -0.999457 -0.027204 0.0186122 -28.9573 0.0189247 -0.0112725 0.999757 1.87783
-0.0255444 0.999623 0.0100642 111.528 -0.999578 -0.0256796 0.0135362 -29.7902 0.0137895 -0.00971416 0.999858 1.89382
-0.0245112 0.999679 0.00636894 111.505 -0.999682 -0.024548 0.00575814 -30.6232 0.00591264 -0.00622578 0.999963 1.91728
-0.0245808 0.999686 0.00487906 111.487 -0.999694 -0.0245934 0.0025192 -31.4503 0.00263841 -0.00481564 0.999985 1.93992
-0.0245646 0.999677 0.0064341 111.474 -0.999695 -0.0245811 0.00248042 -32.2721 0.00263779 -0.00637121 0.999976 1.95893
-0.0259511 0.99962 0.00925915 111.464 -0.999658 -0.0259806 0.00306923 -33.089 0.00330863 -0.00917634 0.999953 1.97339
-0.0275805 0.999555 0.0113287 111.449 -0.999614 -0.0276176 0.00312807 -33.9037 0.00343955 -0.011238 0.999931 1.98833
-0.0300163 0.999478 0.0119216 111.43 -0.999544 -0.0300528 0.00288545 -34.7177 0.00324223 -0.0118296 0.999925 2.00509
-0.0318742 0.999409 0.0128787 111.411 -0.999486 -0.0319153 0.002993 -35.5221 0.00340227 -0.0127767 0.999913 2.02524
-0.0340219 0.999315 0.0145437 111.391 -0.999415 -0.0340674 0.0028908 -36.3223 0.00338429 -0.0144369 0.99989 2.03753
-0.036453 0.999204 0.0161565 111.371 -0.999332 -0.0364892 0.00194723 -37.1236 0.00253522 -0.0160747 0.999868 2.05109
-0.0382937 0.99914 0.015879 111.346 -0.999265 -0.0383132 0.000922148 -37.9142 0.00152973 -0.015832 0.999874 2.07066
-0.0405956 0.999047 0.016 111.321 -0.999174 -0.0406133 0.000778584 -38.701 0.00142766 -0.0159551 0.999872 2.08434
-0.0421754 0.998975 0.0164347 111.292 -0.999108 -0.0422023 0.00129252 -39.4815 0.00198478 -0.0163655 0.999864 2.10163
-0.0435037 0.998923 0.0160844 111.261 -0.999051 -0.0435278 0.0011524 -40.2567 0.00185128 -0.016019 0.99987 2.11378
-0.0445495 0.9989 0.0146074 111.228 -0.999007 -0.0445556 8.7917e-05 -41.0342 0.000738665 -0.014589 0.999893 2.13142
-0.0459871 0.998841 0.0141864 111.196 -0.998942 -0.045986 -0.000408807 -41.8037 0.000244047 -0.0141902 0.999899 2.14612
-0.0475364 0.998757 0.0149808 111.166 -0.998869 -0.0475307 -0.000740441 -42.5631 -2.74692e-05 -0.0149991 0.999888 2.16263
-0.0486064 0.99868 0.0165469 111.138 -0.998817 -0.0485858 -0.00164917 -43.3166 -0.00084305 -0.0166075 0.999862 2.17568
-0.0496648 0.99862 0.0170416 111.109 -0.998764 -0.0496261 -0.00269353 -44.05 -0.00184411 -0.0171543 0.999851 2.18789
-0.050165 0.998593 0.0171595 111.077 -0.998738 -0.0501212 -0.0029777 -44.7705 -0.00211345 -0.0172872 0.999848 2.20133
-0.0505803 0.998572 0.0171368 111.046 -0.99872 -0.0505704 -0.00101316 -45.4796 -0.000145092 -0.0171661 0.999853 2.21674
-0.0504736 0.998569 0.0176299 111.017 -0.998723 -0.0505006 0.00108208 -46.1809 0.00197085 -0.0175528 0.999844 2.23369
-0.0504954 0.998553 0.0184492 110.989 -0.998718 -0.0505489 0.00244011 -46.8808 0.00336917 -0.0183023 0.999827 2.24406
-0.0509058 0.998538 0.0181655 110.957 -0.998696 -0.0509675 0.00294786 -47.5779 0.00386941 -0.0179918 0.999831 2.25928
-0.0507497 0.998571 0.0167225 110.925 -0.998704 -0.0508045 0.00286457 -48.2698 0.00371007 -0.0165555 0.999856 2.27265
-0.0511811 0.998559 0.0161317 110.892 -0.998684 -0.0512244 0.00227498 -48.9648 0.00309804 -0.0159941 0.999867 2.29044
-0.0513932 0.998486 0.0195763 110.867 -0.998673 -0.0514478 0.00228979 -49.6594 0.00329349 -0.0194327 0.999806 2.29838
-0.0513348 0.998458 0.0211267 110.841 -0.998676 -0.0513938 0.00225628 -50.3356 0.00333859 -0.0209829 0.999774 2.3131
-0.0513972 0.998483 0.0197133 110.809 -0.998676 -0.0514275 0.00102529 -51.0299 0.00203754 -0.0196345 0.999805 2.32587
-0.0526462 0.998415 0.0198829 110.778 -0.998612 -0.0526604 0.000184788 -51.7079 0.00123154 -0.0198456 0.999802 2.3392
-0.0561824 0.998151 0.0231839 110.749 -0.99842 -0.0561846 -0.000556997 -52.3793 0.000746613 -0.0231785 0.999731 2.35187
-0.061248 0.997848 0.0233709 110.717 -0.998122 -0.0612518 -0.000557511 -53.0587 0.000875197 -0.0233611 0.999727 2.36004
-0.0671982 0.997476 0.0229171 110.672 -0.997732 -0.0672695 0.00234991 -53.7198 0.0038856 -0.0227072 0.999735 2.37589
-0.0741159 0.996989 0.0227614 110.622 -0.997227 -0.0742478 0.0050028 -54.4017 0.00667773 -0.0223276 0.999729 2.38059
-0.0811215 0.996418 0.0238561 110.569 -0.996672 -0.0812877 0.00607585 -55.0692 0.0079933 -0.0232838 0.999697 2.3956
-0.0873902 0.995831 0.0261172 110.518 -0.996143 -0.0875629 0.00553707 -55.7569 0.00780089 -0.0255326 0.999644 2.40673
-0.0928257 0.995334 0.0263274 110.457 -0.995658 -0.0929742 0.00446718 -56.4463 0.00689412 -0.0257984 0.999644 2.42061
-0.0975041 0.994829 0.0283981 110.398 -0.99521 -0.097662 0.00422092 -57.1248 0.00697252 -0.0278505 0.999588 2.43951
-0.101558 0.994338 0.0312488 110.334 -0.994806 -0.101722 0.00367442 -57.8347 0.0068323 -0.0307133 0.999505 2.44618
-0.104236 0.994087 0.030428 110.263 -0.994545 -0.104306 0.000713479 -58.5364 0.00388308 -0.0301876 0.999537 2.45434
-0.106266 0.993954 0.027616 110.188 -0.994337 -0.106239 -0.00242309 -59.2642 0.000525476 -0.0277171 0.999616 2.46789
-0.107908 0.993781 0.0274773 110.116 -0.994159 -0.10781 -0.0050433 -59.9783 -0.00204961 -0.027861 0.99961 2.47625
-0.109168 0.993617 0.0283832 110.043 -0.99402 -0.109054 -0.00554953 -60.7122 -0.00241882 -0.0288193 0.999582 2.4817
-0.10969 0.993598 0.0270354 109.967 -0.993965 -0.109672 -0.00216593 -61.4446 0.000812969 -0.0271099 0.999632 2.49212
-0.110125 0.993683 0.0215738 109.884 -0.993909 -0.110187 0.0017071 -62.167 0.00407348 -0.0212544 0.999766 2.49647
-0.110835 0.993721 0.0152529 109.792 -0.993809 -0.110937 0.00601493 -62.92 0.00766928 -0.0144918 0.999866 2.51822
-0.111627 0.993649 0.0141337 109.712 -0.993713 -0.111734 0.00700645 -63.655 0.00854117 -0.0132627 0.999876 2.52745
-0.111833 0.993599 0.0159253 109.635 -0.993703 -0.111927 0.00513283 -64.4092 0.00688245 -0.015251 0.99986 2.53941
-0.11165 0.993636 0.0148514 109.554 -0.993745 -0.111671 0.000590235 -65.16 0.00224495 -0.0146926 0.99989 2.54533
-0.111963 0.993645 0.0115616 109.469 -0.993712 -0.111953 -0.00154221 -65.8993 -0.000238053 -0.0116616 0.999932 2.56406
-0.112783 0.993569 0.0100071 109.389 -0.993619 -0.112772 -0.0016957 -66.6463 -0.000556273 -0.0101345 0.999949 2.57538
-0.114609 0.993332 0.0124395 109.311 -0.99341 -0.114598 -0.00160479 -67.3871 -0.000168542 -0.0125415 0.999921 2.58464
-0.11652 0.993106 0.0127645 109.229 -0.993188 -0.116513 -0.00130161 -68.1295 0.000194595 -0.0128293 0.999918 2.59762
-0.118757 0.992845 0.0124182 109.143 -0.992923 -0.11875 -0.00129567 -68.8714 0.000188264 -0.0124842 0.999922 2.60578
-0.120566 0.992631 0.0120844 109.058 -0.992705 -0.120558 -0.0013727 -69.6146 9.42867e-05 -0.0121618 0.999926 2.61825
-0.122477 0.99239 0.0126345 108.97 -0.992471 -0.122464 -0.00179228 -70.3633 -0.000231372 -0.0127589 0.999919 2.62815
-0.124033 0.992195 0.0128053 108.883 -0.992278 -0.124023 -0.00157462 -71.1061 2.58245e-05 -0.0129017 0.999917 2.63747
-0.125127 0.99204 0.0140684 108.793 -0.99214 -0.125132 -0.000569335 -71.87 0.0011956 -0.014029 0.999901 2.65383
-0.126251 0.991901 0.0138573 108.708 -0.991997 -0.12626 -0.000289415 -72.6116 0.00146255 -0.0137829 0.999904 2.65823
-0.127419 0.991746 0.0142257 108.615 -0.991848 -0.127425 -0.00050197 -73.3879 0.00131489 -0.0141737 0.999899 2.67191
-0.128468 0.991615 0.0139313 108.52 -0.991713 -0.128454 -0.00186892 -74.1433 -6.371e-05 -0.014056 0.999901 2.67975
-0.129536 0.991457 0.0152529 108.428 -0.991573 -0.129493 -0.00382732 -74.9338 -0.00181948 -0.0156202 0.999876 2.68738
-0.131113 0.991207 0.0177756 108.332 -0.991362 -0.131034 -0.00559697 -75.7166 -0.00321855 -0.0183559 0.999826 2.69308
-0.133324 0.990918 0.0174518 108.229 -0.991064 -0.133232 -0.0063706 -76.491 -0.0039876 -0.0181452 0.999827 2.70066
-0.135399 0.990652 0.0165708 108.126 -0.990783 -0.135313 -0.00620742 -77.2935 -0.00390716 -0.0172585 0.999843 2.71222
-0.137504 0.990355 0.0169718 108.021 -0.990497 -0.137433 -0.00526153 -78.0787 -0.0028783 -0.017534 0.999842 2.71432
-0.138562 0.990221 0.0162037 107.907 -0.990353 -0.138555 -0.00154876 -78.8895 0.000711503 -0.016262 0.999867 2.72251
-0.139597 0.990091 0.0152283 107.803 -0.9902 -0.139639 0.0017304 -79.6833 0.00383973 -0.0148375 0.999883 2.73205
-0.140104 0.99003 0.0144933 107.684 -0.99011 -0.140193 0.00530801 -80.503 0.00728695 -0.0136063 0.999881 2.749
-0.140027 0.990067 0.0125968 107.572 -0.990116 -0.140112 0.00613484 -81.3192 0.00783888 -0.0116133 0.999902 2.75759
-0.139923 0.990117 0.00940488 107.455 -0.990138 -0.139978 0.00555782 -82.1385 0.00681938 -0.00853447 0.99994 2.78054
-0.139545 0.990182 0.00813506 107.338 -0.990201 -0.139582 0.00415068 -82.9776 0.00524545 -0.00747614 0.999958 2.78965
-0.138841 0.990277 0.00859724 107.225 -0.990307 -0.138869 0.00266236 -83.8133 0.00383037 -0.00814426 0.99996 2.80405
-0.13714 0.99051 0.00899259 107.115 -0.99055 -0.13715 0.000438675 -84.6571 0.00166785 -0.00884746 0.999959 2.81319
-0.1356 0.990734 0.00764063 107.001 -0.990762 -0.135586 -0.0023109 -85.5061 -0.00125352 -0.00788341 0.999968 2.82437
-0.133698 0.990995 0.00721105 106.888 -0.99101 -0.133659 -0.00574432 -86.3591 -0.00472878 -0.00791424 0.999958 2.83573
-0.132057 0.99121 0.0078835 106.782 -0.991231 -0.132015 -0.0057027 -87.2086 -0.00461184 -0.00856745 0.999953 2.84062
-0.130653 0.991401 0.00724039 106.672 -0.991427 -0.130641 -0.00213748 -88.0586 -0.00117321 -0.00745759 0.999972 2.85415
-0.129061 0.991602 0.00818429 106.57 -0.991625 -0.129095 0.003739 -88.9079 0.00476415 -0.0076332 0.99996 2.86523
-0.127497 0.991768 0.0118092 106.467 -0.99181 -0.127574 0.00603245 -89.7539 0.00748936 -0.0109434 0.999912 2.88405
-0.125793 0.991987 0.0117206 106.365 -0.992037 -0.125855 0.00469348 -90.6209 0.00613097 -0.0110368 0.99992 2.88413
-0.124986 0.992103 0.0104116 106.261 -0.992153 -0.125012 0.00189812 -91.4822 0.00318471 -0.0100927 0.999944 2.90796
-0.12425 0.992202 0.00982386 106.156 -0.992249 -0.124261 0.000456457 -92.3598 0.00167362 -0.00969101 0.999952 2.91745
-0.123764 0.992255 0.0105188 106.057 -0.992311 -0.123768 -0.00020764 -93.2255 0.00109586 -0.0104636 0.999945 2.93658
-0.123299 0.992311 0.0107324 105.954 -0.992369 -0.123301 -0.000459203 -94.0823 0.000867652 -0.0107072 0.999942 2.95303
-0.122557 0.992423 0.0087041 105.848 -0.992461 -0.122546 -0.00177266 -94.9587 -0.000692571 -0.00885573 0.999961 2.9596
-0.121746 0.992546 0.00539951 105.744 -0.992559 -0.121736 -0.00230725 -95.8123 -0.00163273 -0.00564023 0.999983 2.97449
-0.121163 0.992619 0.00504313 105.642 -0.992632 -0.121155 -0.00177785 -96.6833 -0.00115373 -0.00522138 0.999986 2.98837
-0.120475 0.992708 0.00382223 105.541 -0.992716 -0.120477 0.000398334 -97.5324 0.000855926 -0.0037464 0.999993 3.0002
-0.119699 0.992775 0.00834848 105.446 -0.992808 -0.11971 0.000780845 -98.3977 0.0017746 -0.00819498 0.999965 3.01872
-0.119291 0.992792 0.0114981 105.357 -0.992859 -0.119272 -0.00227823 -99.2534 -0.000890397 -0.0116878 0.999931 3.02403
-0.119517 0.992693 0.0166042 105.271 -0.992828 -0.119453 -0.0047805 -100.099 -0.00276213 -0.0170565 0.999851 3.03944
-0.120449 0.992526 0.0195526 105.179 -0.992717 -0.120385 -0.00443268 -100.951 -0.00204572 -0.0199441 0.999799 3.05204
-0.121594 0.992309 0.023152 105.088 -0.992577 -0.121612 -0.000640931 -101.786 0.00217957 -0.0230581 0.999732 3.07022
-0.122403 0.992171 0.024772 104.994 -0.992469 -0.122483 0.00174204 -102.622 0.00476258 -0.0243723 0.999692 3.08008
-0.12291 0.992117 0.0244039 104.897 -0.992404 -0.122999 0.00215566 -103.453 0.00514033 -0.0239536 0.9997 3.09658
-0.123498 0.992067 0.0234574 104.799 -0.992334 -0.123571 0.00165232 -104.273 0.00453787 -0.0230735 0.999724 3.11099
-0.124037 0.992032 0.0220432 104.699 -0.992265 -0.124116 0.00222765 -105.098 0.00494583 -0.0215964 0.999755 3.12906
-0.124694 0.991965 0.0213643 104.603 -0.99217 -0.124815 0.00438991 -105.9 0.00702123 -0.0206496 0.999762 3.15282
-0.125148 0.991907 0.0213956 104.506 -0.992103 -0.125296 0.00568976 -106.72 0.00832451 -0.0205146 0.999755 3.17167
-0.126486 0.991695 0.0232814 104.412 -0.991931 -0.126649 0.00564715 -107.515 0.00854882 -0.0223793 0.999713 3.19052
-0.128543 0.991401 0.0244803 104.316 -0.991671 -0.1287 0.0049399 -108.324 0.00804805 -0.0236415 0.999688 3.20718
-0.131443 0.991003 0.0251942 104.216 -0.991281 -0.131629 0.00587787 -109.116 0.0091413 -0.024202 0.999665 3.22848
-0.134812 0.990531 0.02595 104.116 -0.990808 -0.135052 0.00773328 -109.891 0.0111647 -0.0246689 0.999633 3.25154
-0.137828 0.990065 0.0278269 104.014 -0.990377 -0.138116 0.00869027 -110.683 0.0124473 -0.0263614 0.999575 3.27483
-0.141385 0.989572 0.0275086 103.909 -0.989878 -0.141665 0.00849322 -111.452 0.0123017 -0.0260293 0.999586 3.29078
-0.143868 0.98924 0.02654 103.799 -0.98953 -0.144118 0.00775144 -112.232 0.011493 -0.025147 0.999618 3.31244
-0.146742 0.98884 0.0257131 103.685 -0.989102 -0.146996 0.0082534 -113.002 0.011941 -0.0242218 0.999635 3.33549
-0.148081 0.988516 0.0301137 103.583 -0.988835 -0.148504 0.0123282 -113.771 0.0166587 -0.0279519 0.999471 3.35678
-0.149828 0.988157 0.0331099 103.481 -0.98844 -0.150488 0.0184101 -114.53 0.0231747 -0.0299688 0.999282 3.38008
-0.152792 0.987806 0.0298946 103.361 -0.98793 -0.15345 0.021105 -115.288 0.025435 -0.0263092 0.99933 3.4087
-0.155544 0.987429 0.0280713 103.241 -0.987564 -0.156098 0.0187269 -116.052 0.0228733 -0.0248093 0.999431 3.43746
-0.159138 0.986853 0.0281947 103.123 -0.987109 -0.159542 0.0126959 -116.821 0.0170272 -0.0258109 0.999522 3.45974
-0.161 0.986538 0.0286309 103.007 -0.98684 -0.161354 0.0104964 -117.582 0.0149748 -0.0265642 0.999535 3.48324
-0.163242 0.986132 0.0299229 102.888 -0.986439 -0.163665 0.0122629 -118.328 0.0169902 -0.0275154 0.999477 3.51547
-0.165284 0.985677 0.0334731 102.771 -0.986034 -0.165856 0.0150898 -119.081 0.0204254 -0.0305116 0.999326 3.53574
-0.167678 0.985255 0.0339822 102.65 -0.985555 -0.168361 0.0183043 -119.829 0.0237557 -0.0304221 0.999255 3.55422
-0.170002 0.98494 0.031476 102.522 -0.985072 -0.170728 0.0219974 -120.566 0.02704 -0.0272665 0.999263 3.58869
-0.171794 0.984618 0.0318394 102.399 -0.984639 -0.172641 0.0260809 -121.302 0.0311765 -0.0268698 0.999153 3.62162
-0.174549 0.984081 0.0334077 102.274 -0.984091 -0.175491 0.0276979 -122.037 0.0331197 -0.0280416 0.999058 3.65063
-0.176981 0.983693 0.0320124 102.148 -0.983726 -0.177824 0.0257079 -122.774 0.0309813 -0.0269417 0.999157 3.67659
-0.181319 0.983049 0.0271342 102.008 -0.983051 -0.181941 0.0225322 -123.501 0.0270871 -0.0225889 0.999378 3.71242
-0.186603 0.982093 0.02592 101.869 -0.982119 -0.187147 0.0204188 -124.236 0.0249041 -0.0216464 0.999455 3.74813
-0.193152 0.980825 0.0259432 101.733 -0.980876 -0.193672 0.0192744 -124.959 0.0239294 -0.0217242 0.999478 3.77465
-0.201655 0.979087 0.0268921 101.591 -0.979157 -0.202196 0.0191622 -125.679 0.0241989 -0.0224675 0.999455 3.8048
-0.211888 0.976897 0.0278324 101.441 -0.976981 -0.212455 0.0192331 -126.4 0.0247019 -0.0231164 0.999428 3.83099
-0.223759 0.974225 0.0285621 101.278 -0.974312 -0.224352 0.0195411 -127.112 0.0254454 -0.0234559 0.999401 3.86277
-0.235965 0.971348 0.0283237 101.109 -0.97141 -0.236563 0.0199778 -127.822 0.0261058 -0.0227999 0.999399 3.88971
-0.247855 0.968448 0.0259816 100.928 -0.968456 -0.24839 0.0198457 -128.521 0.0256732 -0.0202432 0.999465 3.91665
-0.258934 0.965613 0.0233336 100.738 -0.965569 -0.259399 0.0197094 -129.225 0.0250844 -0.0174268 0.999533 3.94535
-0.269159 0.962897 0.0195524 100.538 -0.962788 -0.26953 0.0197709 -129.923 0.0243073 -0.0135033 0.999613 3.97339
-0.278393 0.960361 0.0142206 100.332 -0.960187 -0.278639 0.0200141 -130.612 0.0231832 -0.00808268 0.999699 4.00116
-0.286279 0.958091 0.0102065 100.121 -0.957888 -0.286433 0.0201438 -131.304 0.0222231 -0.00400994 0.999745 4.02806
-0.292753 0.956144 0.0091879 99.9122 -0.955944 -0.292882 0.0197698 -131.99 0.0215938 -0.00299544 0.999762 4.05831
-0.297559 0.954687 0.00544757 99.6956 -0.954517 -0.297609 0.018013 -132.677 0.0188181 0.000160153 0.999823 4.08065
-0.300221 0.953867 -0.00181711 99.4733 -0.953756 -0.300156 0.0159829 -133.353 0.0147002 0.00653151 0.999871 4.10211
-0.301305 0.953497 -0.00757145 99.2519 -0.953463 -0.301183 0.0139933 -134.034 0.0110622 0.0114354 0.999874 4.12712
-0.302243 0.953147 -0.0125753 99.0348 -0.95318 -0.302065 0.0142953 -134.711 0.00982699 0.0163072 0.999819 4.13923
-0.302292 0.953141 -0.0118278 98.822 -0.953127 -0.302074 0.0172751 -135.378 0.0128928 0.0164956 0.999781 4.17585
-0.301339 0.953468 -0.00959577 98.6191 -0.953377 -0.301108 0.0201158 -136.038 0.0162904 0.0152101 0.999752 4.19121
-0.300506 0.953702 -0.0121744 98.4072 -0.953645 -0.300226 0.0205847 -136.7 0.0159766 0.0177959 0.999714 4.20843
-0.298705 0.954227 -0.0149698 98.2012 -0.954239 -0.298402 0.019552 -137.358 0.01419 0.0201251 0.999697 4.22695
-0.297173 0.954648 -0.0182683 97.9943 -0.95475 -0.296858 0.0180844 -138.009 0.0118411 0.0228159 0.99967 4.2469
-0.295575 0.955142 -0.0183983 97.7961 -0.95525 -0.295268 0.0176928 -138.657 0.0114667 0.0228046 0.999674 4.26851
-0.293203 0.955861 -0.018957 97.5989 -0.955957 -0.292842 0.019693 -139.297 0.0132724 0.0238961 0.999626 4.28896
-0.289331 0.957022 -0.0199038 97.4089 -0.957128 -0.288937 0.0205111 -139.927 0.0138786 0.024985 0.999592 4.30864
-0.284015 0.958568 -0.0219472 97.2205 -0.958727 -0.283597 0.0203295 -140.56 0.013263 0.0268153 0.999553 4.3262
-0.27881 0.960043 -0.0240983 97.0409 -0.960273 -0.278394 0.0192558 -141.184 0.0117776 0.0285097 0.999524 4.34239
-0.273758 0.961486 -0.0245001 96.8666 -0.961746 -0.273388 0.0174119 -141.813 0.0100433 0.0283295 0.999548 4.36237
-0.269613 0.962639 -0.0251855 96.6958 -0.962926 -0.269264 0.0164193 -142.435 0.00902427 0.0286787 0.999548 4.38279
-0.265954 0.963619 -0.0265512 96.5277 -0.963954 -0.265625 0.0152963 -143.049 0.00768712 0.0296623 0.999531 4.39852
-0.261917 0.964634 -0.0296711 96.3617 -0.965073 -0.261608 0.0139172 -143.661 0.00566282 0.03228 0.999463 4.40604
-0.258192 0.965548 -0.0324431 96.1958 -0.966086 -0.25792 0.0123986 -144.265 0.00360377 0.0345441 0.999397 4.42732
-0.254582 0.966547 -0.031192 96.0446 -0.967046 -0.254345 0.011408 -144.867 0.00309289 0.0330684 0.999449 4.43946
-0.250936 0.967583 -0.0285222 95.9013 -0.967994 -0.250697 0.0117114 -145.463 0.00418134 0.0305482 0.999525 4.45424
-0.246607 0.968699 -0.0283999 95.7535 -0.969087 -0.246273 0.0147756 -146.052 0.00731904 0.0311658 0.999488 4.46718
-0.241005 0.970058 -0.0300551 95.6101 -0.970469 -0.24055 0.0179969 -146.635 0.0102283 0.0335049 0.999386 4.48093
-0.234732 0.971633 -0.0287931 95.474 -0.971991 -0.234262 0.0187892 -147.217 0.0115111 0.0323971 0.999409 4.49253
-0.22631 0.97369 -0.0266385 95.3516 -0.973992 -0.225901 0.0175164 -147.798 0.0110379 0.0299099 0.999492 4.50702
-0.215631 0.976098 -0.0270911 95.2267 -0.976428 -0.215267 0.0157586 -148.383 0.00955016 0.0298506 0.999509 4.523
-0.203442 0.978667 -0.0286649 95.1121 -0.97905 -0.203096 0.0145615 -148.958 0.0084291 0.0310268 0.999483 4.53854
