1 0 0 0 0 1 0 0 0 0 1 0
0.999999 -0.00165067 -0.00050425 0.557434 0.00164967 0.999997 -0.00197619 -0.00121433 0.00050751 0.00197536 0.999998 0.0112164
0.999995 -0.00262638 -0.00181472 1.12277 0.00262218 0.999994 -0.00231637 1.70295e-05 0.0018208 0.0023116 0.999996 0.0223459
0.999985 -0.00456506 -0.00295421 1.67437 0.004558 0.999987 -0.00239181 0.00736791 0.00296509 0.00237831 0.999993 0.030878
0.999968 -0.00655986 -0.00448562 2.22693 0.00654174 0.99997 -0.00404258 0.00994928 0.00451201 0.00401311 0.999982 0.0418115
0.999948 -0.0080246 -0.00633328 2.79258 0.00798362 0.999947 -0.00646981 0.0119253 0.00638486 0.00641891 0.999959 0.0541479
0.99993 -0.00960903 -0.0068934 3.35521 0.00955866 0.999928 -0.00730414 0.0185498 0.00696309 0.00723774 0.99995 0.0623452
0.999922 -0.0108224 -0.00624233 3.93549 0.010776 0.999914 -0.00742361 0.0253231 0.00632214 0.00735577 0.999953 0.0721149
0.999906 -0.0121621 -0.00630786 4.51434 0.0121142 0.999898 -0.00757714 0.0350134 0.00639937 0.00750002 0.999951 0.0836583
0.999876 -0.0130135 -0.00888478 5.10692 0.0129504 0.999891 -0.0071161 0.0468237 0.00897641 0.00700016 0.999935 0.0972532
0.999815 -0.0145201 -0.0126432 5.70455 0.0144456 0.999878 -0.00596486 0.0629213 0.0127283 0.00578112 0.999902 0.109399
0.999737 -0.0157999 -0.0166274 6.3113 0.0157252 0.999866 -0.00461421 0.0799299 0.0166981 0.00435153 0.999851 0.117802
0.999723 -0.016782 -0.0164925 6.9381 0.0167318 0.999855 -0.00318063 0.0969731 0.0165435 0.0029038 0.999859 0.129679
0.999782 -0.0183023 -0.00999499 7.58059 0.0182904 0.999832 -0.00127344 0.116345 0.0100166 0.00109035 0.999949 0.136346
0.999823 -0.0188121 0.000688869 8.24422 0.0188124 0.999823 -0.000478729 0.130751 -0.000679744 0.000491602 1 0.149371
0.99977 -0.0200425 0.00758611 8.92009 0.020041 0.999799 0.000283572 0.148199 -0.00759027 -0.000131475 0.999971 0.161216
0.999747 -0.0213002 0.00723374 9.59806 0.021288 0.999772 0.0017539 0.171883 -0.00726945 -0.00159947 0.999972 0.172214
0.999764 -0.0217086 -0.000150181 10.2893 0.021709 0.999754 0.0044636 0.195924 5.32424e-05 -0.00446581 0.99999 0.169381
0.999714 -0.0231371 -0.00611968 11.0033 0.0231655 0.999721 0.00461697 0.219225 0.00601114 -0.00475741 0.999971 0.167257
0.999702 -0.0239012 -0.00498233 11.732 0.0239175 0.999709 0.00322171 0.237641 0.00490388 -0.00333992 0.999982 0.171465
0.999683 -0.024811 0.0042183 12.4949 0.024804 0.999691 0.0017 0.258043 -0.00425918 -0.00159483 0.99999 0.175988
0.999623 -0.0247971 0.0117901 13.2701 0.0247904 0.999692 0.000713582 0.278723 -0.0118042 -0.000421033 0.99993 0.177487
0.999564 -0.0257447 0.0144305 14.0611 0.0257442 0.999668 0.000217445 0.301131 -0.0144313 0.00015415 0.999896 0.178892
0.999567 -0.0259071 0.0139514 14.8613 0.0259289 0.999663 -0.00138174 0.320949 -0.0139109 0.00174289 0.999902 0.17809
0.999619 -0.024996 0.0116795 15.6843 0.0250165 0.999686 -0.00161412 0.343603 -0.0116355 0.00190568 0.999931 0.175755
0.999655 -0.0249093 0.00826174 16.5178 0.024905 0.99969 0.000625116 0.369523 -0.00827475 -0.000419143 0.999966 0.160953
0.999719 -0.0234683 0.00322911 17.3731 0.0234757 0.999722 -0.00226273 0.391225 -0.00317511 0.0023379 0.999992 0.162731
0.999727 -0.0232093 -0.00272492 18.2307 0.0231957 0.999719 -0.00492751 0.409647 0.00283851 0.00486295 0.999984 0.169633
0.999736 -0.0215972 -0.00779947 19.1254 0.0215663 0.999759 -0.00403199 0.435397 0.00788467 0.00386272 0.999961 0.178293
0.999721 -0.0217896 -0.00910428 20.0269 0.0217694 0.99976 -0.00231465 0.460298 0.00915254 0.00211581 0.999956 0.180568
0.999723 -0.0220249 -0.00834297 20.9483 0.0220018 0.999754 -0.00285003 0.485623 0.00840369 0.00266568 0.999961 0.194541
0.999725 -0.021628 -0.00910856 21.8933 0.0216093 0.999764 -0.0021413 0.50895 0.00915272 0.00194388 0.999956 0.210201
0.999702 -0.0217578 -0.0111036 22.8333 0.0217726 0.999762 0.00121545 0.53763 0.0110745 -0.00145684 0.999938 0.228142
0.999694 -0.0216521 -0.0119602 23.8062 0.021717 0.99975 0.00532617 0.566937 0.0118419 -0.00558428 0.999914 0.242155
0.999692 -0.0219322 -0.0116312 24.7623 0.0220079 0.999737 0.00641929 0.595103 0.0114874 -0.00667329 0.999912 0.260227
0.999693 -0.0219769 -0.0114378 25.7553 0.0220598 0.999731 0.00717854 0.62359 0.011277 -0.00742866 0.999909 0.280319
0.99969 -0.0222153 -0.0111933 26.7188 0.0222998 0.999723 0.00748603 0.652297 0.0110239 -0.00773333 0.999909 0.300453
0.999694 -0.0225766 -0.0100676 27.713 0.0226591 0.99971 0.00815326 0.679845 0.00988059 -0.00837889 0.999916 0.320257
0.99971 -0.0226396 -0.00824159 28.7386 0.0227087 0.999707 0.00839225 0.706235 0.00804918 -0.00857697 0.999931 0.338914
0.999705 -0.0232338 -0.00700789 29.733 0.0232946 0.99969 0.0087325 0.734502 0.00680283 -0.00889318 0.999937 0.354399
0.999704 -0.0230916 -0.00761322 30.7684 0.0231579 0.999694 0.00874519 0.762786 0.00740894 -0.00891891 0.999933 0.377439
0.999689 -0.0235159 -0.00827341 31.776 0.0236016 0.999667 0.0104196 0.793179 0.00802563 -0.0106116 0.999912 0.394733
0.999686 -0.0239329 -0.00739277 32.8095 0.0240088 0.999658 0.0103503 0.824121 0.00714253 -0.0105245 0.999919 0.411882
0.999692 -0.024401 -0.00458158 33.8759 0.0244429 0.999658 0.00931992 0.851953 0.00435259 -0.00942904 0.999946 0.431513
0.999685 -0.025061 -0.00117046 34.9179 0.0250707 0.999644 0.00915312 0.882869 0.000940652 -0.00917958 0.999958 0.445559
0.999678 -0.0253656 0.0010817 35.993 0.025355 0.999639 0.00882468 0.913973 -0.00130516 -0.00879441 0.999961 0.459474
0.99966 -0.026002 0.00175032 37.0395 0.0259856 0.999623 0.00882877 0.947292 -0.00197923 -0.00878029 0.99996 0.470458
0.999658 -0.0261488 0.000529259 38.1257 0.026143 0.999618 0.00890955 0.97908 -0.000762034 -0.00889267 0.99996 0.482893
0.999636 -0.0269828 9.7525e-05 39.1898 0.0269805 0.999589 0.00969382 1.0148 -0.000359054 -0.00968766 0.999953 0.492505
0.999613 -0.0277704 0.00124001 40.2648 0.0277575 0.99957 0.00946586 1.04792 -0.00150235 -0.00942778 0.999955 0.503312
0.999595 -0.0282526 0.00337389 41.3544 0.0282214 0.999562 0.00894391 1.08255 -0.0036251 -0.00884508 0.999954 0.517685
0.999561 -0.0291023 0.00556699 42.423 0.0290558 0.999544 0.00824857 1.11964 -0.00580451 -0.0080832 0.999951 0.527285
0.999551 -0.029348 0.00600951 43.5064 0.0292939 0.999531 0.00890793 1.15572 -0.00626812 -0.00872789 0.999942 0.538149
0.999549 -0.0298936 0.00273543 44.5648 0.0298617 0.999493 0.0110582 1.19595 -0.00306462 -0.0109715 0.999935 0.552393
0.99956 -0.0296377 -0.00124519 45.6442 0.0296521 0.999465 0.0138258 1.23484 0.000834755 -0.0138566 0.999904 0.567211
0.999554 -0.0298079 -0.00151684 46.7055 0.0298274 0.99944 0.0151366 1.27559 0.0010648 -0.0151751 0.999884 0.578374
0.999557 -0.0297206 0.00114756 47.7911 0.0297017 0.999461 0.0139965 1.31145 -0.00156293 -0.0139562 0.999902 0.592438
0.999565 -0.029342 0.00290551 48.8857 0.0292972 0.999467 0.0144067 1.34954 -0.00332668 -0.0143153 0.999892 0.601053
0.99956 -0.0293107 0.00446497 49.9572 0.0292528 0.999494 0.0125097 1.38635 -0.00482938 -0.0123736 0.999912 0.613918
0.999574 -0.0288683 0.00415877 51.043 0.0288105 0.999496 0.0133581 1.42264 -0.0045423 -0.0132326 0.999902 0.624109
0.999589 -0.028511 0.00285962 52.1092 0.0284733 0.999517 0.0124643 1.45763 -0.00321361 -0.0123777 0.999918 0.639201
0.999602 -0.0282078 0.000479175 53.1843 0.0281986 0.999508 0.0137324 1.49555 -0.000866303 -0.0137134 0.999906 0.646542
0.999618 -0.0276043 -0.00141772 54.2673 0.02762 0.999539 0.0125996 1.52859 0.00106926 -0.0126339 0.99992 0.662658
0.999607 -0.0276681 -0.00450148 55.3343 0.0277184 0.999549 0.0115083 1.56151 0.00418103 -0.0116285 0.999924 0.681977
0.999616 -0.0270802 -0.00589282 56.4136 0.0271401 0.999578 0.0103334 1.59299 0.00561051 -0.0104894 0.999929 0.703396
0.999625 -0.027144 -0.00367664 57.4882 0.0271754 0.999592 0.00877285 1.62338 0.003437 -0.00886947 0.999955 0.722594
0.999642 -0.0266372 0.0022683 58.5782 0.0266206 0.999621 0.00705247 1.65355 -0.0024553 -0.00698956 0.999973 0.737719
0.999609 -0.0267031 0.00831506 59.6581 0.0266552 0.999628 0.00582534 1.68249 -0.00846752 -0.00560142 0.999949 0.747683
0.999599 -0.0266164 0.00960948 60.7417 0.0265754 0.999637 0.00436692 1.71155 -0.00972223 -0.00410979 0.999944 0.758139
0.999635 -0.0261171 0.00685423 61.8321 0.0261047 0.999657 0.00189346 1.73972 -0.00690134 -0.00171384 0.999975 0.764709
0.999653 -0.026049 0.00382319 62.9043 0.026048 0.999661 0.00029973 1.76942 -0.0038297 -0.000200035 0.999993 0.772044
0.999663 -0.025971 7.10306e-05 63.9949 0.0259707 0.99966 0.00239689 1.80536 -0.000133258 -0.00239424 0.999997 0.781056
0.999655 -0.025985 -0.00378841 65.0689 0.0259947 0.999659 0.00253298 1.83724 0.00372129 -0.00263058 0.99999 0.799143
0.999668 -0.025351 -0.00448964 66.1598 0.0253756 0.999663 0.00551859 1.87691 0.00434822 -0.00563069 0.999975 0.813562
0.9997 -0.0244427 -0.00115766 67.2626 0.0244521 0.999661 0.00898076 1.91314 0.000937751 -0.00900637 0.999959 0.824073
0.999701 -0.0244379 0.000920139 68.3514 0.0244273 0.99965 0.0101842 1.94894 -0.0011687 -0.0101587 0.999948 0.842794
0.999703 -0.0242808 0.00180206 69.4426 0.0242612 0.999654 0.0101989 1.98027 -0.00204908 -0.0101521 0.999947 0.85439
0.999696 -0.0244783 0.00277079 70.5306 0.0244529 0.999662 0.00884096 2.00819 -0.00298627 -0.00877052 0.999957 0.86763
0.999691 -0.0245127 0.00414421 71.6192 0.0244788 0.999668 0.00804206 2.03735 -0.00433997 -0.00793813 0.999959 0.878446
0.99967 -0.0249549 0.00610734 72.7085 0.0249152 0.999668 0.00649212 2.06799 -0.00626733 -0.00633781 0.99996 0.889317
0.999643 -0.0255301 0.00784509 73.7973 0.0254888 0.999661 0.00531446 2.09699 -0.00797812 -0.0051126 0.999955 0.898279
0.999639 -0.0259277 0.00705348 74.8765 0.0258946 0.999653 0.00473331 2.12638 -0.00717377 -0.00454896 0.999964 0.908437
0.99964 -0.0266031 0.00356762 75.9521 0.0265846 0.999633 0.00513657 2.16005 -0.00370296 -0.00503987 0.999981 0.920569
0.99963 -0.0271202 0.00174373 77.0247 0.0271086 0.999612 0.00635608 2.19472 -0.00191544 -0.00630646 0.999979 0.932845
0.999604 -0.0279047 0.00345316 78.0975 0.027878 0.999583 0.00752923 2.23225 -0.00366183 -0.00742999 0.999966 0.942393
0.999567 -0.028422 0.00756199 79.1743 0.0283575 0.999562 0.00849453 2.26859 -0.00780011 -0.00827642 0.999936 0.953982
0.999515 -0.0288272 0.0117469 80.2448 0.0287145 0.999541 0.00965101 2.30411 -0.0120197 -0.00930903 0.999885 0.959791
0.999486 -0.0294719 0.012605 81.3141 0.0293407 0.999515 0.0104659 2.34292 -0.0129073 -0.0100907 0.999866 0.965314
0.999497 -0.0297916 0.0108362 82.371 0.0296722 0.999499 0.0110172 2.38045 -0.011159 -0.0106901 0.999881 0.970048
0.99948 -0.0305837 0.0102068 83.4217 0.030474 0.999478 0.0107397 2.41618 -0.01053 -0.0104231 0.99989 0.975135
0.999467 -0.0309672 0.0103201 84.4654 0.0308592 0.999469 0.0104653 2.4517 -0.0106387 -0.0101412 0.999892 0.979016
0.999434 -0.0318614 0.0107388 85.4964 0.0317616 0.999452 0.00933304 2.48851 -0.0110303 -0.00898668 0.999899 0.989515
0.999395 -0.0324955 0.0124018 86.5122 0.0323903 0.999438 0.00858718 2.52251 -0.0126739 -0.00818029 0.999886 0.996974
0.999353 -0.0328141 0.0147439 87.5042 0.032698 0.999433 0.00804941 2.55778 -0.0149996 -0.0075621 0.999859 1.00038
0.999298 -0.0339052 0.0159528 88.4916 0.033789 0.999401 0.00749727 2.59458 -0.0161974 -0.00695297 0.999845 1.00786
0.999225 -0.0357708 0.0164353 89.4456 0.0356694 0.999343 0.00642241 2.63016 -0.0166542 -0.00583119 0.999845 1.01103
0.99911 -0.0390297 0.0159926 90.3781 0.0389424 0.999225 0.00573325 2.67113 -0.016204 -0.00510536 0.999856 1.01916
0.998985 -0.0423427 0.0153745 91.2859 0.0422604 0.999091 0.00563821 2.71487 -0.0155993 -0.00498275 0.999866 1.02098
0.998844 -0.0454228 0.0157262 92.172 0.0453434 0.998957 0.00536755 2.75868 -0.0159537 -0.00464826 0.999862 1.02618
0.998667 -0.048732 0.0169845 93.0355 0.0486336 0.998798 0.00615671 2.80751 -0.0172642 -0.00532249 0.999837 1.02977
0.998512 -0.0514983 0.0179079 93.8703 0.0513754 0.998653 0.00725772 2.85545 -0.0182575 -0.00632689 0.999814 1.03303
0.998319 -0.0546581 0.019253 94.6874 0.0545179 0.998483 0.00773516 2.90591 -0.0196466 -0.00667252 0.999785 1.03571
0.998155 -0.0573331 0.0199585 95.4727 0.0571541 0.998321 0.00942856 2.95562 -0.0204655 -0.00827045 0.999757 1.03607
0.997988 -0.0600285 0.0203781 96.2292 0.0598123 0.998148 0.0110589 3.00984 -0.0210043 -0.00981783 0.999731 1.03799
0.997845 -0.0626401 0.0195064 96.9546 0.0624036 0.997972 0.0125089 3.06289 -0.0202504 -0.0112647 0.999732 1.04173
0.997758 -0.0650211 0.0158453 97.6552 0.0647981 0.997797 0.0141989 3.11421 -0.0167337 -0.0131403 0.999774 1.04689
0.997645 -0.0675389 0.0119615 98.3242 0.0673363 0.997592 0.016604 3.16909 -0.0130541 -0.0157595 0.999791 1.05082
0.997546 -0.0694269 0.00898461 98.959 0.0692504 0.997425 0.0186614 3.22041 -0.0102571 -0.0179935 0.999786 1.05224
0.99749 -0.0703224 0.00822309 99.5622 0.0701431 0.997329 0.020361 3.27041 -0.00963296 -0.0197331 0.999759 1.05854
0.997537 -0.0695952 0.0086644 100.141 0.0693843 0.997333 0.0226318 3.31842 -0.0102164 -0.0219749 0.999707 1.06566
0.997717 -0.0668079 0.00988396 100.704 0.0665342 0.99745 0.025822 3.36416 -0.0115839 -0.0251055 0.999618 1.07016
0.998036 -0.0616523 0.0110977 101.241 0.0613149 0.99771 0.0285354 3.40637 -0.0128316 -0.0277989 0.999531 1.07541
0.998443 -0.0542703 0.0128693 101.762 0.0538743 0.998116 0.0293399 3.43602 -0.0144374 -0.0286009 0.999487 1.07982
0.99887 -0.0449348 0.0155013 102.258 0.0444697 0.998585 0.0291478 3.45892 -0.0167892 -0.0284255 0.999455 1.082
0.999307 -0.0331296 0.0169517 102.737 0.0326389 0.999062 0.0284459 3.46989 -0.0178782 -0.0278729 0.999452 1.08581
0.999648 -0.0199126 0.0174971 103.186 0.0194194 0.999421 0.0279183 3.47596 -0.018043 -0.0275687 0.999457 1.08897
0.999839 -0.00463077 0.0173245 103.619 0.00415584 0.999617 0.0273499 3.47384 -0.0174445 -0.0272736 0.999476 1.09143
0.999795 0.013205 0.0153593 104.034 -0.0136043 0.999564 0.0261845 3.46476 -0.0150068 -0.0263881 0.999539 1.09818
0.999338 0.0344962 0.011526 104.443 -0.034784 0.999062 0.0257828 3.44456 -0.0106258 -0.0261667 0.999601 1.09933
0.998226 0.0590888 0.0072714 104.853 -0.0592484 0.997951 0.0241528 3.41007 -0.00582935 -0.0245407 0.999682 1.1034
0.996267 0.0861479 0.00543016 105.242 -0.086247 0.996033 0.0219039 3.36283 -0.00352164 -0.0222905 0.999746 1.10695
0.993217 0.116173 0.00481999 105.634 -0.116246 0.99303 0.0194477 3.30123 -0.0025271 -0.0198761 0.999799 1.1099
0.988936 0.148294 0.00375551 106.003 -0.148337 0.988787 0.0172094 3.23013 -0.00116137 -0.017576 0.999845 1.11468
0.982907 0.18408 0.00277701 106.382 -0.184101 0.982788 0.0153384 3.14102 9.42808e-05 -0.0155875 0.999879 1.12048
0.975023 0.222091 0.00240439 106.733 -0.222103 0.974949 0.0120003 3.03414 0.000320979 -0.0122346 0.999925 1.12729
0.964994 0.262265 0.00199794 107.101 -0.262271 0.964942 0.00999208 2.91204 0.000692671 -0.0101663 0.999948 1.13682
0.952868 0.303379 0.00194438 107.421 -0.303383 0.95281 0.0105699 2.79156 0.00135406 -0.0106616 0.999942 1.14768
0.937742 0.347323 0.00245873 107.756 -0.347325 0.937657 0.0128414 2.65144 0.00215465 -0.0128959 0.999915 1.14787
0.919845 0.392264 0.0037618 108.102 -0.39228 0.919761 0.0125223 2.48805 0.0014521 -0.0129943 0.999915 1.15549
0.899902 0.436063 0.00499673 108.391 -0.436092 0.899823 0.0119439 2.32396 0.000712126 -0.0129274 0.999916 1.15495
0.876772 0.480883 0.00468008 108.704 -0.480904 0.876708 0.010644 2.12457 0.00101546 -0.0115831 0.999933 1.16482
0.851926 0.52365 0.00351723 108.964 -0.523656 0.851862 0.0107805 1.93095 0.00264904 -0.011026 0.999936 1.17558
0.824254 0.566218 0.00152192 109.25 -0.56619 0.824181 0.0124185 1.71242 0.00577721 -0.0110977 0.999922 1.1838
0.794123 0.607757 0.000393388 109.494 -0.607677 0.794008 0.0167236 1.50075 0.00985151 -0.0135196 0.99986 1.19142
0.760508 0.649328 0.000670323 109.767 -0.649176 0.760306 0.0224742 1.25325 0.0140835 -0.017527 0.999747 1.2004
0.723701 0.690112 0.00153257 109.997 -0.689886 0.723404 0.0272696 1.01261 0.0177104 -0.0207924 0.999627 1.19542
0.684678 0.728844 0.00135305 110.228 -0.728598 0.684397 0.0273083 0.734434 0.0189775 -0.0196833 0.999626 1.20331
0.643624 0.765341 0.00136467 110.45 -0.765139 0.643411 0.0241692 0.424279 0.0176197 -0.0166001 0.999707 1.22339
0.600131 0.799895 0.00307273 110.641 -0.799742 0.599931 0.0222612 0.129432 0.0159632 -0.015817 0.999748 1.22306
0.553651 0.832731 0.00534617 110.849 -0.832632 0.553454 0.0203176 -0.217831 0.0139603 -0.0157003 0.999779 1.23762
0.506298 0.862332 0.00672674 111.006 -0.862272 0.506121 0.0181474 -0.529447 0.0122446 -0.0149883 0.999813 1.23729
0.455501 0.890201 0.00775979 111.174 -0.890201 0.455389 0.0127513 -0.91095 0.00781747 -0.012716 0.999889 1.26389
0.404542 0.914447 0.0114477 111.303 -0.914493 0.404403 0.0127045 -1.25345 0.00698812 -0.0156084 0.999854 1.26564
0.353728 0.935239 0.0142829 111.428 -0.935291 0.353494 0.0165317 -1.62367 0.0104122 -0.0192063 0.999762 1.27401
0.302885 0.952886 0.0163671 111.547 -0.952896 0.302514 0.0217596 -2.03152 0.0157832 -0.0221868 0.999629 1.28181
0.256386 0.966453 0.015317 111.628 -0.966393 0.255999 0.0234419 -2.41534 0.0187344 -0.0208125 0.999608 1.28319
0.214081 0.976769 0.00955169 111.707 -0.976611 0.213826 0.0225882 -2.85209 0.0200211 -0.014164 0.999699 1.2986
0.178994 0.983846 0.00263243 111.748 -0.983625 0.178896 0.0218781 -3.26713 0.0210538 -0.00650539 0.999757 1.31117
0.147625 0.989043 8.68454e-05 111.805 -0.988794 0.147586 0.0224748 -3.71753 0.0222158 -0.00340373 0.999748 1.32543
0.120184 0.992747 0.00296521 111.848 -0.992544 0.120097 0.0208036 -4.1713 0.0202967 -0.00544337 0.999779 1.33889
0.094691 0.995461 0.00951814 111.9 -0.995368 0.0945142 0.0175714 -4.6544 0.0165921 -0.0111379 0.9998 1.34082
0.0702911 0.997415 0.0148975 111.944 -0.997442 0.0700828 0.0140703 -5.16487 0.0129899 -0.0158484 0.99979 1.34725
0.0480743 0.998777 0.011551 111.953 -0.99879 0.0479482 0.0109577 -5.68069 0.0103905 -0.0120638 0.999873 1.36362
0.0277739 0.999601 0.0050373 111.951 -0.999555 0.0277172 0.011004 -6.21553 0.01086 -0.00534069 0.999927 1.38136
0.00944003 0.999955 -0.000551699 111.949 -0.999871 0.00944639 0.0129943 -6.78046 0.0129989 0.000428958 0.999916 1.39909
-0.00456036 0.999989 -0.000609515 111.941 -0.999826 -0.00454861 0.0180861 -7.34257 0.0180831 0.000691885 0.999836 1.40541
-0.0161714 0.999863 0.00357363 111.945 -0.999611 -0.0162483 0.0226762 -7.94542 0.0227312 -0.00320554 0.999737 1.40673
-0.0224769 0.999745 0.00211016 111.926 -0.999486 -0.0225192 0.0228286 -8.55754 0.0228703 -0.00159596 0.999737 1.41588
-0.0252673 0.99967 -0.00454794 111.899 -0.999497 -0.0251754 0.019258 -9.20093 0.0191372 0.00503225 0.999804 1.44083
-0.0251801 0.999662 -0.00635624 111.883 -0.999534 -0.0250661 0.0174222 -9.85917 0.017257 0.00679197 0.999828 1.45495
-0.0229772 0.999722 -0.00529701 111.871 -0.999594 -0.0228845 0.016957 -10.5349 0.016831 0.00568449 0.999842 1.47971
-0.0215573 0.999766 -0.00147264 111.868 -0.999618 -0.0215286 0.0173194 -11.23 0.0172836 0.00184543 0.999849 1.48572
-0.0203493 0.999793 -8.53378e-05 111.86 -0.999633 -0.0203445 0.0179115 -11.9361 0.017906 0.00044979 0.99984 1.50448
-0.0192768 0.999814 0.000334391 111.849 -0.999642 -0.0192797 0.0185566 -12.6631 0.0185596 2.34369e-05 0.999828 1.52003
-0.0186761 0.999825 0.000266271 111.841 -0.999662 -0.0186779 0.0180946 -13.412 0.0180964 7.17531e-05 0.999836 1.54013
-0.0177156 0.999842 0.00138028 111.832 -0.999698 -0.0177365 0.0169861 -14.1665 0.0170079 -0.00107895 0.999855 1.55543
-0.0173733 0.999849 0.000458135 111.823 -0.999727 -0.0173784 0.0156439 -14.9462 0.0156495 -0.000186226 0.999878 1.57683
-0.0177313 0.999842 0.000207701 111.81 -0.999755 -0.0177326 0.0132504 -15.7167 0.013252 2.72938e-05 0.999912 1.59841
-0.0186479 0.999824 0.00198704 111.8 -0.999755 -0.0186703 0.0119277 -16.5051 0.0119627 -0.00176412 0.999927 1.6154
-0.0199993 0.99979 0.00434247 111.793 -0.999739 -0.0200459 0.0109525 -17.3004 0.0110372 -0.0041223 0.999931 1.62837
-0.0210694 0.999777 0.0015453 111.774 -0.999742 -0.0210816 0.00839298 -18.0974 0.00842369 -0.00136807 0.999964 1.64566
-0.0222532 0.999752 0.000599429 111.756 -0.999732 -0.0222566 0.00640844 -18.9176 0.0064202 -0.000456663 0.999979 1.66722
-0.0235316 0.99972 0.00218664 111.741 -0.999707 -0.0235436 0.00567038 -19.732 0.00572028 -0.00205257 0.999982 1.67968
-0.0246422 0.99968 0.00564968 111.731 -0.99965 -0.0246952 0.00951981 -20.551 0.00965629 -0.00541312 0.999939 1.69683
-0.0256214 0.999658 0.00516303 111.715 -0.999568 -0.0256928 0.0142686 -21.3824 0.0143964 -0.00479522 0.999885 1.71138
-0.0266836 0.999635 0.00419295 111.695 -0.999517 -0.0267467 0.0157906 -22.2197 0.015897 -0.00376958 0.999867 1.73465
-0.0280723 0.999573 0.00812603 111.681 -0.999509 -0.0281822 0.0137269 -23.0667 0.0139501 -0.0077367 0.999873 1.75133
-0.0289754 0.999523 0.0106626 111.665 -0.999534 -0.0290746 0.00926741 -23.914 0.00957301 -0.0103891 0.9999 1.77157
-0.0293361 0.9995 0.0117518 111.646 -0.999561 -0.0293815 0.00370576 -24.7662 0.0040492 -0.011638 0.999924 1.79436
-0.029651 0.999449 0.0148996 111.628 -0.999559 -0.0296268 -0.00184359 -25.6139 -0.00140114 -0.0149477 0.999887 1.80555
-0.0295461 0.999407 0.0176639 111.614 -0.99956 -0.0294976 -0.00299915 -26.4607 -0.00247632 -0.0177447 0.99984 1.81535
-0.0286478 0.999474 0.0151758 111.592 -0.999582 -0.0287023 0.00338318 -27.3038 0.00381699 -0.0150726 0.999879 1.83848
-0.0273168 0.999541 0.0130998 111.57 -0.999527 -0.0274968 0.0137625 -28.1277 0.0141164 -0.0127177 0.99982 1.85745
-0.0269877 0.999566 0.0117809 111.551 -0.999457 -0.0272041 0.0186119 -28.9574 0.0189243 -0.0112722 0.999757 1.87782
-0.0255446 0.999623 0.0100639 111.528 -0.999578 -0.0256797 0.0135358 -29.7902 0.0137892 -0.00971385 0.999858 1.89381
-0.0245114 0.999679 0.00636863 111.505 -0.999682 -0.0245481 0.00575777 -30.6232 0.00591227 -0.00622548 0.999963 1.91727
-0.0245809 0.999686 0.00487874 111.487 -0.999694 -0.0245935 0.00251884 -31.4503 0.00263803 -0.00481534 0.999985 1.93992
-0.0245648 0.999677 0.00643379 111.474 -0.999695 -0.0245812 0.00248006 -32.2721 0.00263741 -0.00637091 0.999976 1.95892
-0.0259512 0.99962 0.00925884 111.464 -0.999658 -0.0259807 0.00306886 -33.089 0.00330825 -0.00917604 0.999953 1.97338
-0.0275807 0.999555 0.0113284 111.449 -0.999614 -0.0276178 0.0031277 -33.9037 0.00343918 -0.0112377 0.999931 1.98832
-0.0300165 0.999478 0.0119213 111.43 -0.999544 -0.0300529 0.00288508 -34.7177 0.00324185 -0.0118293 0.999925 2.00508
-0.0318744 0.999409 0.0128784 111.411 -0.999486 -0.0319154 0.00299263 -35.5221 0.00340189 -0.0127764 0.999913 2.02523
-0.034022 0.999315 0.0145434 111.391 -0.999415 -0.0340675 0.00289043 -36.3223 0.00338392 -0.0144366 0.99989 2.03752
-0.0364531 0.999204 0.0161562 111.371 -0.999332 -0.0364893 0.00194686 -37.1236 0.00253484 -0.0160744 0.999868 2.05108
-0.0382938 0.99914 0.0158787 111.346 -0.999265 -0.0383133 0.00092178 -37.9142 0.00152936 -0.0158317 0.999874 2.07065
-0.0405958 0.999047 0.0159996 111.321 -0.999174 -0.0406134 0.000778216 -38.701 0.00142728 -0.0159548 0.999872 2.08433
-0.0421755 0.998975 0.0164344 111.292 -0.999108 -0.0422024 0.00129215 -39.4815 0.0019844 -0.0163652 0.999864 2.10162
-0.0435038 0.998923 0.016084 111.261 -0.999051 -0.0435279 0.00115203 -40.2568 0.0018509 -0.0160187 0.99987 2.11377
-0.0445496 0.9989 0.0146071 111.228 -0.999007 -0.0445557 8.75491e-05 -41.0342 0.000738286 -0.0145887 0.999893 2.13141
-0.0459873 0.998841 0.0141861 111.196 -0.998942 -0.0459861 -0.000409175 -41.8037 0.000243667 -0.0141899 0.999899 2.14611
-0.0475365 0.998757 0.0149805 111.166 -0.998869 -0.0475308 -0.000740809 -42.5632 -2.78497e-05 -0.0149988 0.999888 2.16262
-0.0486065 0.998681 0.0165465 111.138 -0.998817 -0.0485859 -0.00164954 -43.3166 -0.000843431 -0.0166072 0.999862 2.17567
-0.049665 0.99862 0.0170412 111.109 -0.998764 -0.0496262 -0.0026939 -44.0501 -0.00184449 -0.017154 0.999851 2.18788
-0.0501652 0.998593 0.0171591 111.077 -0.998738 -0.0501213 -0.00297806 -44.7705 -0.00211383 -0.0172869 0.999848 2.20132
-0.0505804 0.998573 0.0171365 111.046 -0.99872 -0.0505705 -0.00101352 -45.4796 -0.000145474 -0.0171658 0.999853 2.21673
-0.0504738 0.998569 0.0176296 111.017 -0.998723 -0.0505007 0.00108171 -46.1809 0.00197047 -0.0175525 0.999844 2.23367
-0.0504956 0.998553 0.0184488 110.989 -0.998718 -0.050549 0.00243974 -46.8808 0.00336878 -0.018302 0.999827 2.24405
-0.050906 0.998538 0.0181652 110.957 -0.998696 -0.0509676 0.00294749 -47.5779 0.00386903 -0.0179915 0.999831 2.25927
-0.0507499 0.998571 0.0167222 110.925 -0.998704 -0.0508046 0.00286421 -48.2698 0.00370969 -0.0165552 0.999856 2.27263
-0.0511813 0.998559 0.0161314 110.892 -0.998684 -0.0512245 0.00227461 -48.9648 0.00309766 -0.0159938 0.999867 2.29042
-0.0513934 0.998486 0.019576 110.867 -0.998673 -0.0514479 0.00228942 -49.6594 0.00329311 -0.0194324 0.999806 2.29836
-0.0513349 0.998458 0.0211264 110.841 -0.998676 -0.0513939 0.00225591 -50.3356 0.00333821 -0.0209827 0.999774 2.31308
-0.0513974 0.998483 0.019713 110.809 -0.998676 -0.0514276 0.00102492 -51.0299 0.00203716 -0.0196342 0.999805 2.32586
-0.0526464 0.998415 0.0198826 110.778 -0.998612 -0.0526605 0.00018442 -51.708 0.00123116 -0.0198453 0.999802 2.33919
-0.0561825 0.998151 0.0231836 110.749 -0.99842 -0.0561847 -0.000557366 -52.3793 0.00074623 -0.0231783 0.999731 2.35185
-0.0612481 0.997849 0.0233705 110.717 -0.998122 -0.0612519 -0.00055788 -53.0587 0.000874813 -0.0233608 0.999727 2.36002
-0.0671984 0.997476 0.0229168 110.672 -0.997732 -0.0672696 0.00234954 -53.7198 0.00388522 -0.0227069 0.999735 2.37587
-0.074116 0.996989 0.0227611 110.622 -0.997227 -0.0742479 0.00500243 -54.4017 0.00667735 -0.0223273 0.999729 2.38058
-0.0811216 0.996418 0.0238557 110.569 -0.996672 -0.0812878 0.00607548 -55.0692 0.00799291 -0.0232835 0.999697 2.39558
-0.0873904 0.995831 0.0261169 110.518 -0.996143 -0.087563 0.0055367 -55.7569 0.0078005 -0.0255323 0.999644 2.40671
-0.0928259 0.995334 0.0263271 110.457 -0.995658 -0.0929743 0.00446682 -56.4463 0.00689372 -0.0257981 0.999644 2.42059
-0.0975042 0.994829 0.0283978 110.398 -0.99521 -0.0976621 0.00422055 -57.1248 0.00697212 -0.0278503 0.999588 2.43949
-0.101558 0.994338 0.0312485 110.334 -0.994806 -0.101722 0.00367405 -57.8347 0.0068319 -0.030713 0.999505 2.44616
-0.104236 0.994087 0.0304276 110.263 -0.994545 -0.104306 0.000713109 -58.5364 0.00388268 -0.0301874 0.999537 2.45432
-0.106266 0.993954 0.0276157 110.188 -0.994337 -0.10624 -0.00242346 -59.2642 0.000525078 -0.0277169 0.999616 2.46787
-0.107908 0.993781 0.027477 110.116 -0.994159 -0.10781 -0.00504366 -59.9783 -0.00205 -0.0278608 0.99961 2.47623
-0.109168 0.993618 0.0283828 110.043 -0.99402 -0.109054 -0.0055499 -60.7122 -0.00241922 -0.028819 0.999582 2.48168
-0.10969 0.993598 0.0270351 109.967 -0.993965 -0.109672 -0.0021663 -61.4446 0.000812571 -0.0271096 0.999632 2.4921
-0.110125 0.993683 0.0215735 109.884 -0.993909 -0.110187 0.00170674 -62.167 0.00407308 -0.0212541 0.999766 2.49645
-0.110835 0.993721 0.0152526 109.792 -0.993809 -0.110937 0.00601456 -62.92 0.00766888 -0.0144915 0.999866 2.5182
-0.111627 0.993649 0.0141334 109.712 -0.993713 -0.111734 0.00700608 -63.655 0.00854077 -0.0132624 0.999876 2.52743
-0.111833 0.993599 0.015925 109.635 -0.993703 -0.111927 0.00513246 -64.4092 0.00688205 -0.0152507 0.99986 2.53938
-0.11165 0.993636 0.014851 109.554 -0.993745 -0.111671 0.000589868 -65.16 0.00224455 -0.0146923 0.99989 2.5453
-0.111963 0.993645 0.0115613 109.469 -0.993712 -0.111953 -0.00154257 -65.8993 -0.000238452 -0.0116613 0.999932 2.56403
-0.112784 0.993569 0.0100067 109.389 -0.993619 -0.112772 -0.00169607 -66.6463 -0.000556672 -0.0101342 0.999949 2.57535
-0.114609 0.993332 0.0124392 109.311 -0.99341 -0.114598 -0.00160516 -67.3871 -0.000168942 -0.0125412 0.999921 2.58462
-0.11652 0.993106 0.0127642 109.229 -0.993188 -0.116513 -0.00130198 -68.1295 0.000194195 -0.012829 0.999918 2.5976
-0.118757 0.992845 0.0124179 109.143 -0.992923 -0.11875 -0.00129604 -68.8715 0.000187863 -0.0124839 0.999922 2.60576
-0.120566 0.992631 0.0120841 109.058 -0.992705 -0.120558 -0.00137307 -69.6146 9.38854e-05 -0.0121615 0.999926 2.61822
-0.122477 0.99239 0.0126341 108.97 -0.992471 -0.122464 -0.00179265 -70.3633 -0.000231774 -0.0127586 0.999919 2.62812
-0.124033 0.992195 0.012805 108.883 -0.992278 -0.124024 -0.00157499 -71.1061 2.54223e-05 -0.0129015 0.999917 2.63745
-0.125128 0.99204 0.014068 108.793 -0.99214 -0.125132 -0.000569702 -71.87 0.0011952 -0.0140288 0.999901 2.65381
-0.126252 0.991901 0.013857 108.708 -0.991997 -0.12626 -0.000289783 -72.6117 0.00146214 -0.0137827 0.999904 2.6582
-0.12742 0.991746 0.0142254 108.615 -0.991848 -0.127425 -0.000502338 -73.3879 0.00131449 -0.0141734 0.999899 2.67189
-0.128468 0.991615 0.013931 108.52 -0.991713 -0.128454 -0.00186929 -74.1433 -6.41134e-05 -0.0140557 0.999901 2.67972
-0.129537 0.991457 0.0152526 108.428 -0.991573 -0.129493 -0.00382769 -74.9338 -0.00181988 -0.0156199 0.999876 2.68735
-0.131114 0.991208 0.0177753 108.332 -0.991362 -0.131034 -0.00559734 -75.7166 -0.00321896 -0.0183557 0.999826 2.69305
-0.133325 0.990918 0.0174515 108.229 -0.991064 -0.133232 -0.00637096 -76.491 -0.00398801 -0.018145 0.999827 2.70063
-0.135399 0.990652 0.0165704 108.126 -0.990783 -0.135313 -0.00620779 -77.2936 -0.00390756 -0.0172583 0.999843 2.71219
-0.137504 0.990355 0.0169715 108.021 -0.990497 -0.137433 -0.0052619 -78.0787 -0.0028787 -0.0175337 0.999842 2.7143
-0.138562 0.990221 0.0162034 107.907 -0.990353 -0.138555 -0.00154912 -78.8895 0.000711097 -0.0162618 0.999868 2.72248
-0.139597 0.990091 0.015228 107.803 -0.9902 -0.13964 0.00173003 -79.6833 0.00383933 -0.0148373 0.999883 2.73202
-0.140104 0.99003 0.014493 107.684 -0.99011 -0.140193 0.00530764 -80.503 0.00728654 -0.013606 0.999881 2.74898
-0.140027 0.990067 0.0125965 107.572 -0.990116 -0.140112 0.00613448 -81.3192 0.00783847 -0.011613 0.999902 2.75756
-0.139923 0.990117 0.00940456 107.455 -0.990138 -0.139979 0.00555745 -82.1385 0.00681898 -0.00853421 0.99994 2.78051
-0.139546 0.990182 0.00813474 107.338 -0.990201 -0.139582 0.00415031 -82.9776 0.00524504 -0.00747588 0.999958 2.78962
-0.138841 0.990277 0.00859692 107.225 -0.990307 -0.138869 0.00266199 -83.8133 0.00382996 -0.008144 0.99996 2.80402
-0.13714 0.99051 0.00899228 107.115 -0.99055 -0.13715 0.000438308 -84.6571 0.00166744 -0.00884719 0.999959 2.81316
-0.1356 0.990734 0.00764031 107.001 -0.990762 -0.135586 -0.00231127 -85.5061 -0.00125393 -0.00788315 0.999968 2.82434
-0.133698 0.990995 0.00721074 106.888 -0.99101 -0.133659 -0.00574469 -86.3591 -0.00472918 -0.00791398 0.999958 2.8357
-0.132057 0.99121 0.00788318 106.782 -0.991231 -0.132015 -0.00570306 -87.2087 -0.00461224 -0.00856719 0.999953 2.84059
-0.130653 0.991401 0.00724007 106.672 -0.991427 -0.130641 -0.00213785 -88.0586 -0.00117362 -0.00745733 0.999972 2.85412
-0.129061 0.991602 0.00818398 106.57 -0.991625 -0.129095 0.00373863 -88.9079 0.00476375 -0.00763293 0.99996 2.8652
-0.127497 0.991768 0.0118089 106.467 -0.99181 -0.127574 0.00603208 -89.7539 0.00748895 -0.0109431 0.999912 2.88402
-0.125793 0.991987 0.0117202 106.365 -0.992037 -0.125855 0.00469311 -90.6209 0.00613057 -0.0110366 0.99992 2.8841
-0.124986 0.992103 0.0104113 106.261 -0.992153 -0.125013 0.00189775 -91.4822 0.00318431 -0.0100924 0.999944 2.90793
-0.12425 0.992202 0.00982354 106.156 -0.992249 -0.124261 0.000456089 -92.3598 0.00167322 -0.00969074 0.999952 2.91741
-0.123764 0.992255 0.0105184 106.057 -0.992311 -0.123769 -0.000208008 -93.2255 0.00109546 -0.0104633 0.999945 2.93655
-0.123299 0.992311 0.0107321 105.954 -0.992369 -0.123301 -0.000459571 -94.0823 0.00086725 -0.0107069 0.999942 2.953
-0.122557 0.992423 0.00870378 105.848 -0.992461 -0.122546 -0.00177303 -94.9587 -0.000692973 -0.00885546 0.999961 2.95957
-0.121747 0.992546 0.00539919 105.744 -0.992559 -0.121736 -0.00230761 -95.8123 -0.00163314 -0.00563996 0.999983 2.97445
-0.121163 0.992619 0.00504282 105.642 -0.992632 -0.121155 -0.00177822 -96.6833 -0.00115413 -0.00522112 0.999986 2.98833
-0.120475 0.992709 0.00382192 105.541 -0.992716 -0.120478 0.000397967 -97.5325 0.000855524 -0.00374613 0.999993 3.00016
-0.119699 0.992775 0.00834817 105.446 -0.992808 -0.11971 0.000780478 -98.3977 0.0017742 -0.00819471 0.999965 3.01869
-0.119291 0.992792 0.0114978 105.357 -0.992859 -0.119273 -0.00227859 -99.2534 -0.000890797 -0.0116875 0.999931 3.02399
-0.119517 0.992693 0.0166039 105.271 -0.992828 -0.119454 -0.00478086 -100.099 -0.00276254 -0.0170562 0.999851 3.0394
-0.120449 0.992527 0.0195523 105.179 -0.992717 -0.120385 -0.00443305 -100.951 -0.00204612 -0.0199438 0.999799 3.05201
-0.121595 0.992309 0.0231516 105.088 -0.992577 -0.121613 -0.000641299 -101.786 0.00217917 -0.0230578 0.999732 3.07018
-0.122403 0.992171 0.0247717 104.994 -0.992469 -0.122483 0.00174167 -102.622 0.00476217 -0.024372 0.999692 3.08004
-0.12291 0.992117 0.0244036 104.897 -0.992404 -0.122999 0.00215529 -103.453 0.00513993 -0.0239534 0.9997 3.09654
-0.123499 0.992067 0.0234571 104.799 -0.992334 -0.123571 0.00165195 -104.273 0.00453747 -0.0230732 0.999724 3.11095
-0.124037 0.992032 0.0220429 104.699 -0.992265 -0.124116 0.00222728 -105.098 0.00494542 -0.0215962 0.999755 3.12902
-0.124694 0.991965 0.021364 104.603 -0.99217 -0.124815 0.00438954 -105.9 0.00702082 -0.0206494 0.999762 3.15278
-0.125149 0.991907 0.0213953 104.506 -0.992103 -0.125296 0.00568939 -106.72 0.00832411 -0.0205143 0.999755 3.17163
-0.126486 0.991695 0.0232811 104.412 -0.991931 -0.126649 0.00564678 -107.515 0.00854842 -0.022379 0.999713 3.19048
-0.128543 0.991401 0.02448 104.316 -0.991671 -0.1287 0.00493954 -108.324 0.00804765 -0.0236412 0.999688 3.20714
-0.131443 0.991003 0.0251939 104.216 -0.991281 -0.131629 0.0058775 -109.116 0.00914089 -0.0242017 0.999665 3.22844
-0.134812 0.990531 0.0259497 104.116 -0.990808 -0.135052 0.00773291 -109.891 0.0111643 -0.0246687 0.999633 3.2515
-0.137828 0.990065 0.0278266 104.014 -0.990377 -0.138116 0.00868991 -110.683 0.0124469 -0.0263612 0.999575 3.27479
-0.141385 0.989572 0.0275082 103.909 -0.989878 -0.141665 0.00849285 -111.452 0.0123013 -0.0260291 0.999586 3.29074
-0.143868 0.98924 0.0265397 103.799 -0.98953 -0.144119 0.00775107 -112.232 0.0114926 -0.0251467 0.999618 3.3124
-0.146743 0.98884 0.0257128 103.685 -0.989102 -0.146996 0.00825303 -113.002 0.0119406 -0.0242215 0.999635 3.33544
-0.148081 0.988516 0.0301133 103.583 -0.988835 -0.148504 0.0123279 -113.771 0.0166583 -0.0279516 0.999471 3.35673
-0.149828 0.988157 0.0331095 103.481 -0.98844 -0.150488 0.0184097 -114.53 0.0231743 -0.0299685 0.999282 3.38003
-0.152792 0.987806 0.0298943 103.361 -0.987931 -0.15345 0.0211046 -115.288 0.0254346 -0.0263089 0.99933 3.40866
-0.155544 0.98743 0.0280709 103.241 -0.987564 -0.156098 0.0187265 -116.052 0.0228729 -0.0248091 0.999431 3.43742
-0.159138 0.986853 0.0281944 103.123 -0.987109 -0.159542 0.0126955 -116.821 0.0170268 -0.0258106 0.999522 3.45969
-0.161001 0.986538 0.0286306 103.007 -0.98684 -0.161355 0.010496 -117.582 0.0149744 -0.026564 0.999535 3.4832
-0.163242 0.986132 0.0299226 102.888 -0.986439 -0.163665 0.0122625 -118.328 0.0169898 -0.0275151 0.999477 3.51542
-0.165284 0.985677 0.0334728 102.771 -0.986034 -0.165856 0.0150894 -119.081 0.020425 -0.0305113 0.999326 3.53569
-0.167678 0.985255 0.0339819 102.65 -0.985555 -0.168361 0.0183039 -119.829 0.0237553 -0.0304219 0.999255 3.55418
-0.170002 0.98494 0.0314757 102.522 -0.985072 -0.170728 0.0219971 -120.566 0.0270396 -0.0272663 0.999263 3.58864
-0.171794 0.984618 0.0318391 102.399 -0.984639 -0.172641 0.0260805 -121.302 0.0311761 -0.0268696 0.999153 3.62157
-0.174549 0.984081 0.0334074 102.274 -0.984091 -0.175491 0.0276975 -122.037 0.0331193 -0.0280414 0.999058 3.65059
-0.176981 0.983693 0.0320121 102.148 -0.983726 -0.177824 0.0257075 -122.774 0.0309808 -0.0269414 0.999157 3.67655
-0.181319 0.983049 0.0271339 102.008 -0.983051 -0.181941 0.0225318 -123.501 0.0270867 -0.0225886 0.999378 3.71237
-0.186603 0.982093 0.0259197 101.869 -0.982119 -0.187147 0.0204184 -124.236 0.0249036 -0.0216461 0.999456 3.74809
-0.193153 0.980825 0.0259429 101.733 -0.980876 -0.193673 0.0192741 -124.959 0.023929 -0.021724 0.999478 3.77461
-0.201655 0.979087 0.0268918 101.591 -0.979157 -0.202196 0.0191618 -125.679 0.0241985 -0.0224672 0.999455 3.80475
-0.211889 0.976897 0.0278321 101.441 -0.976981 -0.212455 0.0192328 -126.4 0.0247015 -0.0231162 0.999428 3.83094
-0.22376 0.974225 0.0285618 101.278 -0.974312 -0.224352 0.0195407 -127.112 0.025445 -0.0234557 0.999401 3.86272
-0.235966 0.971348 0.0283234 101.109 -0.97141 -0.236563 0.0199774 -127.822 0.0261053 -0.0227997 0.999399 3.88966
-0.247856 0.968448 0.0259813 100.928 -0.968456 -0.24839 0.0198454 -128.521 0.0256727 -0.020243 0.999465 3.9166
-0.258934 0.965613 0.0233333 100.738 -0.965569 -0.259399 0.0197091 -129.225 0.025084 -0.0174266 0.999534 3.9453
-0.269159 0.962897 0.0195521 100.538 -0.962788 -0.269531 0.0197705 -129.923 0.0243069 -0.0135031 0.999613 3.97334
-0.278393 0.960361 0.0142203 100.332 -0.960187 -0.278639 0.0200138 -130.612 0.0231828 -0.00808247 0.999699 4.00111
-0.286279 0.958091 0.0102062 100.121 -0.957888 -0.286433 0.0201434 -131.304 0.0222226 -0.00400975 0.999745 4.02801
-0.292753 0.956144 0.00918758 99.9122 -0.955944 -0.292882 0.0197695 -131.99 0.0215933 -0.00299525 0.999762 4.05826
-0.297559 0.954687 0.00544725 99.6956 -0.954517 -0.297609 0.0180127 -132.677 0.0188177 0.000160345 0.999823 4.0806
-0.300222 0.953867 -0.00181742 99.4733 -0.953756 -0.300156 0.0159826 -133.354 0.0146998 0.0065317 0.999871 4.10206
-0.301305 0.953497 -0.00757176 99.2519 -0.953463 -0.301183 0.013993 -134.034 0.0110618 0.0114356 0.999874 4.12707
-0.302243 0.953147 -0.0125756 99.0348 -0.95318 -0.302065 0.0142949 -134.711 0.00982655 0.0163074 0.999819 4.13918
-0.302293 0.953141 -0.0118281 98.822 -0.953127 -0.302074 0.0172747 -135.378 0.0128923 0.0164957 0.999781 4.1758
-0.301339 0.953468 -0.00959608 98.6191 -0.953377 -0.301108 0.0201154 -136.038 0.01629 0.0152103 0.999752 4.19116
-0.300506 0.953702 -0.0121747 98.4072 -0.953645 -0.300226 0.0205844 -136.7 0.0159762 0.0177961 0.999714 4.20838
-0.298705 0.954227 -0.0149701 98.2012 -0.954239 -0.298402 0.0195516 -137.358 0.0141896 0.0201253 0.999697 4.2269
-0.297173 0.954648 -0.0182686 97.9943 -0.95475 -0.296858 0.018084 -138.009 0.0118407 0.0228161 0.99967 4.24684
-0.295575 0.955142 -0.0183986 97.7961 -0.95525 -0.295268 0.0176925 -138.657 0.0114663 0.0228048 0.999674 4.26845
-0.293204 0.955861 -0.0189573 97.5989 -0.955957 -0.292842 0.0196926 -139.297 0.0132719 0.0238963 0.999626 4.2889
-0.289331 0.957022 -0.0199041 97.4089 -0.957128 -0.288937 0.0205107 -139.927 0.0138782 0.0249852 0.999592 4.30859
-0.284015 0.958568 -0.0219475 97.2205 -0.958727 -0.283597 0.0203291 -140.56 0.0132626 0.0268155 0.999553 4.32615
-0.27881 0.960043 -0.0240986 97.0408 -0.960273 -0.278394 0.0192554 -141.184 0.0117771 0.0285099 0.999524 4.34234
-0.273758 0.961486 -0.0245004 96.8666 -0.961746 -0.273388 0.0174115 -141.813 0.0100428 0.0283297 0.999548 4.36231
-0.269614 0.962639 -0.0251859 96.6957 -0.962926 -0.269265 0.0164189 -142.435 0.00902383 0.0286789 0.999548 4.38274
-0.265954 0.963619 -0.0265515 96.5277 -0.963954 -0.265626 0.0152959 -143.049 0.00768668 0.0296625 0.999531 4.39847
-0.261917 0.964634 -0.0296714 96.3617 -0.965073 -0.261608 0.0139169 -143.661 0.00566239 0.0322802 0.999463 4.40598
-0.258193 0.965548 -0.0324434 96.1958 -0.966086 -0.25792 0.0123983 -144.265 0.00360333 0.0345443 0.999397 4.42727
-0.254582 0.966547 -0.0311923 96.0445 -0.967046 -0.254345 0.0114077 -144.867 0.00309245 0.0330686 0.999449 4.4394
-0.250936 0.967583 -0.0285226 95.9012 -0.967994 -0.250698 0.0117111 -145.463 0.00418091 0.0305484 0.999525 4.45418
-0.246607 0.968699 -0.0284002 95.7535 -0.969087 -0.246273 0.0147753 -146.052 0.00731861 0.031166 0.999488 4.46712
-0.241005 0.970058 -0.0300554 95.6101 -0.970469 -0.24055 0.0179965 -146.635 0.0102278 0.0335051 0.999386 4.48087
-0.234732 0.971633 -0.0287934 95.474 -0.971991 -0.234262 0.0187888 -147.217 0.0115106 0.0323973 0.999409 4.49247
-0.22631 0.97369 -0.0266388 95.3516 -0.973992 -0.225901 0.017516 -147.798 0.0110374 0.0299101 0.999492 4.50696
-0.215632 0.976098 -0.0270914 95.2267 -0.976427 -0.215267 0.0157583 -148.383 0.00954974 0.0298508 0.999509 4.52294
-0.203442 0.978667 -0.0286652 95.1121 -0.97905 -0.203096 0.0145611 -148.958 0.00842868 0.0310271 0.999483 4.53848
