0.999996424 -0.002065249 -0.001689766 0.555214882 0.002062223 0.999996245 -0.001790777 0.000676656 0.001693458 0.001787286 0.999996960 0.009197501
0.999987364 -0.003659508 -0.003440154 1.119884729 0.003644379 0.999983728 -0.004393999 -0.001518187 0.003456178 0.004381407 0.999984443 0.018779626
0.999978304 -0.005112524 -0.004151396 1.683065176 0.005090155 0.999972582 -0.005381311 0.004257193 0.004178794 0.005360063 0.999976933 0.025813611
0.999973118 -0.006410500 -0.003551245 2.262451887 0.006389690 0.999962509 -0.005840771 0.009116822 0.003588555 0.005817923 0.999976635 0.033236101
0.999963224 -0.007795018 -0.003578792 2.842117310 0.007772564 0.999950290 -0.006245783 0.014518551 0.003627300 0.006217737 0.999974072 0.043255944
0.999943376 -0.008722158 -0.006097787 3.437053204 0.008687358 0.999945939 -0.005710196 0.023511054 0.006147263 0.005656899 0.999965131 0.055163614
0.999899387 -0.010194467 -0.009864979 4.030882835 0.010152685 0.999939322 -0.004276414 0.035696320 0.009907977 0.004175828 0.999942183 0.065787196
0.999841273 -0.011529376 -0.013581548 4.638171673 0.011497066 0.999930918 -0.002454562 0.050040454 0.013608908 0.002298025 0.999904752 0.073726177
0.999831796 -0.012435053 -0.013483073 5.265521049 0.012429990 0.999922633 -0.000459257 0.064783223 0.013487740 0.000291585 0.999908984 0.085646905
0.999879479 -0.013828709 -0.007054528 5.905930519 0.013840863 0.999902785 0.001677001 0.078507006 0.007030651 -0.001774440 0.999973714 0.090381525
0.999887645 -0.014507215 0.003772613 6.576840401 0.014499801 0.999892890 0.001984964 0.091640562 -0.003801006 -0.001930038 0.999990940 0.097943872
0.999822080 -0.015573464 0.010644685 7.246589184 0.015542960 0.999874890 0.002942498 0.104576387 -0.010689178 -0.002776524 0.999939024 0.108930260
0.999805391 -0.016826928 0.010298906 7.923089504 0.016782667 0.999849617 0.004369079 0.120857127 -0.010370875 -0.004195386 0.999937415 0.117291838
0.999847174 -0.017256550 0.002809797 8.615685463 0.017234888 0.999822915 0.007559484 0.144592673 -0.002939750 -0.007509902 0.999967456 0.117354669
0.999824584 -0.018476516 -0.003074155 9.320045471 0.018500026 0.999798417 0.007803086 0.165662631 0.002929361 -0.007858589 0.999964833 0.114053652
0.999808967 -0.019469704 -0.001735131 10.054894447 0.019480016 0.999791384 0.006138625 0.178118572 0.001615252 -0.006171253 0.999979675 0.114995286
0.999762714 -0.020442886 0.007523163 10.815860748 0.020408036 0.999780774 0.004680315 0.195067272 -0.007617193 -0.004525671 0.999960721 0.117967427
0.999673069 -0.020475892 0.015311260 11.592370033 0.020419078 0.999784052 0.003857713 0.210468382 -0.015386943 -0.003543811 0.999875307 0.118114978
0.999604523 -0.021393394 0.018252755 12.379980087 0.021340014 0.999767423 0.003114238 0.232485950 -0.018315135 -0.002723492 0.999828577 0.114402913
0.999615073 -0.021490010 0.017545940 13.179294586 0.021477671 0.999768913 0.000891447 0.248432189 -0.017561043 -0.000514258 0.999845684 0.110123076
0.999667585 -0.020754699 0.015294770 14.003517151 0.020745546 0.999784529 0.000756940 0.267713904 -0.015307184 -0.000439390 0.999882758 0.103129730
0.999718368 -0.020634882 0.011721513 14.829332352 0.020600267 0.999783099 0.003066351 0.293490320 -0.011782245 -0.002824021 0.999926627 0.086406596
0.999795020 -0.019146064 0.006583188 15.688081741 0.019143553 0.999816656 0.000444363 0.309424758 -0.006590488 -0.000318246 0.999978244 0.086291634
0.999822974 -0.018807417 0.000575238 16.544380188 0.018808605 0.999820828 -0.002132026 0.324802727 -0.000535037 0.002142468 0.999997556 0.089454629
0.999840975 -0.017238531 -0.004571832 17.439468384 0.017234586 0.999851048 -0.000901315 0.345253438 0.004586689 0.000822378 0.999989152 0.096111521
0.999831378 -0.017420994 -0.005804817 18.333024979 0.017426098 0.999847829 0.000829800 0.366922200 0.005789477 -0.000930816 0.999982834 0.096637778
0.999832571 -0.017568272 -0.005112079 19.253417969 0.017569356 0.999845624 0.000167184 0.387595117 0.005108352 -0.000256972 0.999986947 0.107214592
0.999831319 -0.017378682 -0.005943158 20.203399658 0.017384114 0.999848485 0.000863759 0.408909857 0.005927247 -0.000966930 0.999981940 0.119455293
0.999814928 -0.017423930 -0.008154581 21.136899948 0.017459584 0.999838233 0.004321661 0.433760554 0.008077961 -0.004463237 0.999957383 0.136838838
0.999810159 -0.017292812 -0.008975597 22.113231659 0.017367233 0.999814868 0.008280634 0.460841060 0.008830741 -0.008434943 0.999925435 0.148719296
0.999809444 -0.017479958 -0.008689961 23.061889648 0.017564988 0.999797642 0.009806719 0.487164855 0.008516782 -0.009957489 0.999914169 0.165014774
0.999812782 -0.017367315 -0.008529607 24.056507111 0.017456070 0.999793112 0.010443725 0.507279158 0.008346463 -0.010590663 0.999909103 0.182410628
0.999804974 -0.017883938 -0.008376774 25.027057648 0.017973885 0.999780238 0.010788288 0.533330142 0.008181996 -0.010936746 0.999906719 0.202232465
0.999806881 -0.018302528 -0.007152907 26.023450851 0.018383471 0.999765813 0.011419189 0.553947628 0.006942231 -0.011548479 0.999909222 0.219511271
0.999820590 -0.018249298 -0.005075457 27.052604675 0.018307934 0.999763250 0.011756848 0.575303197 0.004859701 -0.011847659 0.999917984 0.235328928
0.999816954 -0.018751858 -0.003791145 28.041568756 0.018796513 0.999750018 0.012107730 0.603947163 0.003563155 -0.012176774 0.999919534 0.248086080
0.999816298 -0.018633194 -0.004488779 29.085298538 0.018686231 0.999752462 0.012078037 0.626904666 0.004262616 -0.012159697 0.999916971 0.268242210
0.999804676 -0.019022083 -0.005365200 30.090005875 0.019095840 0.999718964 0.014048543 0.650040329 0.005096459 -0.014148252 0.999886930 0.283852935
0.999801695 -0.019402511 -0.004489505 31.125696182 0.019464638 0.999709189 0.014235111 0.678010762 0.004212002 -0.014319675 0.999888599 0.299584419
0.999801278 -0.019872572 -0.001594726 32.195964813 0.019892160 0.999712527 0.013385522 0.699090540 0.001328262 -0.013414585 0.999909163 0.317705959
0.999789715 -0.020395752 0.002122705 33.223670959 0.020365063 0.999700189 0.013594428 0.725788474 -0.002399337 -0.013548341 0.999905348 0.328542948
0.999767303 -0.021049455 0.004722472 34.310127258 0.020985503 0.999692559 0.013205828 0.750732660 -0.004998995 -0.013103651 0.999901652 0.339282542
0.999750078 -0.021720799 0.005290468 35.349681854 0.021649903 0.999679685 0.013108458 0.776916027 -0.005573500 -0.012990644 0.999900103 0.346708149
0.999751329 -0.021925215 0.004066917 36.446525574 0.021869365 0.999672294 0.013303512 0.805808008 -0.004357267 -0.013211262 0.999903262 0.355291128
0.999734044 -0.022737835 0.003848853 37.508491516 0.022681888 0.999644637 0.014003785 0.835677981 -0.004165901 -0.013912762 0.999894559 0.361235678
0.999710500 -0.023576891 0.004803494 38.588195801 0.023509743 0.999631286 0.013586048 0.866198003 -0.005122040 -0.013469186 0.999896169 0.368753284
0.999681413 -0.024188397 0.007207867 39.679496765 0.024090914 0.999621034 0.013317622 0.896644890 -0.007527268 -0.013139736 0.999885321 0.378033966
0.999634683 -0.025203394 0.009758598 40.745063782 0.025075139 0.999600410 0.013049234 0.929027379 -0.010083583 -0.012799770 0.999867260 0.384097070
0.999625623 -0.025448047 0.010051451 41.838161469 0.025313362 0.999590993 0.013306926 0.959701598 -0.010385974 -0.013047508 0.999860942 0.390369654
0.999637783 -0.026146885 0.006378953 42.893779755 0.026044890 0.999539375 0.015579880 0.996077120 -0.006783380 -0.015408098 0.999858260 0.401068896
0.999665141 -0.025775136 0.002303810 43.981708527 0.025728216 0.999497950 0.018489908 1.030463219 -0.002779234 -0.018424444 0.999826372 0.411648303
0.999662995 -0.025877805 0.002043440 45.035770416 0.025835363 0.999493003 0.018609516 1.067981005 -0.002523978 -0.018550452 0.999824762 0.417309284
0.999659240 -0.025673818 0.004714727 46.112918854 0.025590241 0.999527872 0.017004944 1.098025084 -0.005149083 -0.016878501 0.999844313 0.425336689
0.999649405 -0.025555894 0.006928069 47.219417572 0.025422089 0.999500811 0.018758705 1.129689336 -0.007404006 -0.018576002 0.999800026 0.433489293
0.999637127 -0.025601875 0.008375481 48.282066345 0.025460687 0.999538839 0.016550479 1.162970185 -0.008795341 -0.016331227 0.999827981 0.440458685
0.999652505 -0.025132122 0.007955940 49.380245209 0.024987957 0.999530554 0.017728942 1.197762012 -0.008397770 -0.017523976 0.999811172 0.447482318
0.999675333 -0.024667421 0.006386327 50.442344666 0.024556661 0.999556005 0.016876677 1.227059484 -0.006799795 -0.016714370 0.999837160 0.458014369
0.999692023 -0.024507741 0.003906106 51.518009186 0.024436688 0.999551594 0.017303808 1.259905100 -0.004328432 -0.017203027 0.999842644 0.460975558
0.999711037 -0.023965342 0.001873537 52.616306305 0.023932965 0.999589860 0.015726350 1.286934257 -0.002249656 -0.015676968 0.999874592 0.472834945
0.999712646 -0.023937695 -0.001267307 53.682689667 0.023953695 0.999605894 0.014637052 1.316728234 0.000916430 -0.014663204 0.999892056 0.490083784
0.999719024 -0.023547098 -0.002725896 54.762252808 0.023582935 0.999624431 0.013960475 1.345024943 0.002396143 -0.014020838 0.999898851 0.507831633
0.999723256 -0.023520462 -0.000422021 55.843177795 0.023523875 0.999647677 0.012294863 1.373255014 0.000132692 -0.012301388 0.999924302 0.522494555
0.999719501 -0.023053100 0.005425099 56.931682587 0.022997076 0.999683797 0.010172129 1.396209240 -0.005657882 -0.010044513 0.999933541 0.533076465
0.999666631 -0.023094250 0.011542371 58.013263702 0.023006262 0.999705672 0.007698607 1.422020674 -0.011716766 -0.007430494 0.999903738 0.537368298
0.999654472 -0.022906324 0.012892598 59.096775055 0.022834035 0.999722838 0.005726632 1.448793411 -0.013020201 -0.005430263 0.999900460 0.544191778
0.999696612 -0.022486348 0.010050783 60.187198639 0.022450671 0.999741316 0.003648422 1.473406315 -0.010130223 -0.003421668 0.999942839 0.547058046
0.999726236 -0.022408951 0.006726122 61.265769958 0.022397585 0.999747574 0.001760328 1.499396920 -0.006763871 -0.001609197 0.999975801 0.550028324
0.999745607 -0.022339234 0.003104750 62.347927094 0.022326687 0.999742627 0.004018275 1.531294703 -0.003193716 -0.003947934 0.999987125 0.555819571
0.999750733 -0.022303266 -0.001001757 63.426151276 0.022307346 0.999742091 0.004264087 1.558370829 0.000906395 -0.004285370 0.999990404 0.572285295
0.999765933 -0.021562709 -0.001754606 64.516517639 0.021575632 0.999737442 0.007713514 1.595683813 0.001587821 -0.007749566 0.999968708 0.584068596
0.999780238 -0.020887664 0.001784789 65.613449097 0.020866854 0.999722004 0.010975393 1.625841975 -0.002013543 -0.010935738 0.999938190 0.592796206
0.999773383 -0.020855553 0.004275490 66.700004578 0.020802237 0.999709666 0.012157110 1.656705499 -0.004527792 -0.012065415 0.999916971 0.608476877
0.999774277 -0.020668084 0.004920795 67.790008545 0.020605540 0.999710321 0.012438721 1.683959961 -0.005176454 -0.012334517 0.999910533 0.617495000
0.999767065 -0.020746605 0.005950100 68.879249573 0.020681163 0.999727190 0.010856797 1.708213568 -0.006173718 -0.010731214 0.999923348 0.627726376
0.999751091 -0.021001531 0.007531181 69.971252441 0.020926101 0.999731421 0.009958556 1.732681751 -0.007738303 -0.009798478 0.999922037 0.636326432
0.999723256 -0.021437829 0.009684067 71.057220459 0.021358354 0.999737978 0.008236931 1.759019613 -0.009858111 -0.008027815 0.999919176 0.644579768
0.999688029 -0.022077575 0.011679499 72.145347595 0.021998793 0.999734640 0.006831400 1.782047987 -0.011827220 -0.006572334 0.999908447 0.650410533
0.999688804 -0.022511924 0.010745742 73.227302551 0.022446631 0.999729097 0.006158748 1.809483647 -0.010881477 -0.005915626 0.999923289 0.656483054
0.999711156 -0.022983553 0.007027591 74.302780151 0.022935277 0.999713302 0.006874501 1.838086247 -0.007183576 -0.006711335 0.999951661 0.665546834
0.999712229 -0.023425486 0.005169686 75.376800537 0.023384307 0.999695420 0.007886901 1.871127605 -0.005352866 -0.007763741 0.999955535 0.674707770
0.999679625 -0.024380494 0.006799161 76.452308655 0.024316680 0.999660909 0.009315563 1.903397441 -0.007023974 -0.009147245 0.999933481 0.681875169
0.999628544 -0.024848999 0.011196033 77.532653809 0.024734659 0.999641657 0.010237858 1.936580896 -0.011446421 -0.009957125 0.999884903 0.689427793
0.999561071 -0.025416214 0.015221866 78.599143982 0.025246140 0.999617815 0.011263005 1.969808102 -0.015502311 -0.010873768 0.999820709 0.692216575
0.999524534 -0.026144920 0.016344866 79.667778015 0.025949182 0.999590337 0.012075046 2.006157160 -0.016653871 -0.011645168 0.999793470 0.694981217
0.999542117 -0.026569953 0.014475715 80.725837708 0.026387999 0.999572158 0.012618796 2.040277719 -0.014804802 -0.012231032 0.999815583 0.696343005
0.999534845 -0.027247529 0.013698457 81.781417847 0.027079683 0.999557674 0.012292747 2.074263096 -0.014027344 -0.011916080 0.999830604 0.697814643
0.999523699 -0.027599154 0.013807695 82.823478699 0.027433960 0.999551415 0.012013729 2.104495764 -0.014133070 -0.011629206 0.999832511 0.698959529
0.999493301 -0.028450014 0.014274260 83.852012634 0.028298670 0.999542296 0.010694848 2.135339260 -0.014571995 -0.010285487 0.999840915 0.705916107
0.999453306 -0.028940387 0.015985291 84.867889404 0.028787166 0.999538183 0.009733416 2.165796280 -0.016259599 -0.009267924 0.999824822 0.709413230
0.999395490 -0.029406331 0.018543713 85.856536865 0.029239167 0.999529898 0.009222212 2.197327614 -0.018806186 -0.008674434 0.999785542 0.711487591
0.999337375 -0.030431736 0.019968390 86.838287354 0.030265473 0.999505103 0.008576369 2.233178616 -0.020219501 -0.007966334 0.999763846 0.715905786
0.999271810 -0.032254402 0.020384453 87.791275024 0.032109093 0.999456882 0.007416210 2.266508341 -0.020612586 -0.006756283 0.999764681 0.715848625
0.999169946 -0.035617232 0.019769937 88.727668762 0.035492375 0.999347925 0.006631122 2.304602146 -0.019993227 -0.005923937 0.999782562 0.720438957
0.999063671 -0.038823996 0.019090842 89.631278992 0.038703766 0.999228776 0.006627448 2.344581366 -0.019333422 -0.005882354 0.999795794 0.719006836
0.998934805 -0.041955881 0.019208349 90.524368286 0.041838929 0.999103546 0.006450845 2.384618521 -0.019461781 -0.005640317 0.999794722 0.722873867
0.998764694 -0.045294888 0.020432852 91.391662598 0.045154713 0.998953521 0.007270638 2.432819128 -0.020740792 -0.006339017 0.999764800 0.723309696
0.998607159 -0.048172086 0.021522623 92.227218628 0.047998838 0.998811245 0.008495362 2.477476597 -0.021906275 -0.007450468 0.999732256 0.724136472
0.998418868 -0.051206656 0.023188017 93.043647766 0.051006213 0.998656392 0.009155259 2.524976492 -0.023625672 -0.007958050 0.999689221 0.724894702
0.998259008 -0.053892437 0.023970269 93.826812744 0.053643283 0.998500466 0.010918986 2.574351072 -0.024522774 -0.009614132 0.999653041 0.722240686
0.998094976 -0.056612384 0.024525022 94.585670471 0.056312192 0.998331606 0.012763113 2.623762846 -0.025206657 -0.011357741 0.999617755 0.721605361
0.997966826 -0.059306189 0.023343861 95.317001343 0.058982685 0.998156428 0.014311739 2.674090147 -0.024149600 -0.012905757 0.999625027 0.722555935
0.997896492 -0.061720766 0.019828329 96.011764526 0.061408542 0.997984648 0.015987650 2.721926451 -0.020775137 -0.014736390 0.999675572 0.724132240
0.997807145 -0.064254142 0.015885120 96.673210144 0.063958950 0.997782111 0.018440740 2.775104761 -0.017034782 -0.017384307 0.999703765 0.726061821
0.997723460 -0.066142961 0.013154387 97.307174683 0.065866917 0.997619569 0.020414509 2.827380419 -0.014473350 -0.019501597 0.999705076 0.725528359
0.997664690 -0.067186914 0.012293566 97.913536072 0.066904910 0.997515261 0.022069359 2.874973297 -0.013745792 -0.021195320 0.999680877 0.729555488
0.997699499 -0.066598743 0.012662581 98.499549866 0.066274345 0.997500300 0.024511920 2.921706438 -0.014263392 -0.023616327 0.999619365 0.734440565
0.997874141 -0.063634962 0.014062773 99.057075500 0.063224480 0.997608542 0.027925314 2.963104725 -0.015806168 -0.026976837 0.999511063 0.738093734
0.998174131 -0.058312558 0.015748173 99.589523315 0.057807483 0.997851908 0.030820295 3.005673409 -0.017511554 -0.029853661 0.999400854 0.741900086
0.998548448 -0.050794769 0.017912436 100.104942322 0.050208297 0.998232484 0.031797551 3.030157566 -0.019495923 -0.030852042 0.999333799 0.744200647
0.998925865 -0.041368909 0.020873474 100.595275879 0.040700309 0.998674750 0.031499181 3.052430868 -0.022148898 -0.030615790 0.999285817 0.744593382
0.999300420 -0.029720895 0.022701848 101.070732117 0.029016983 0.999106407 0.030731106 3.061619997 -0.023594920 -0.030050868 0.999269843 0.746331513
0.999591529 -0.016425114 0.023388313 101.520164490 0.015718266 0.999423563 0.030092005 3.066594839 -0.023869095 -0.029712088 0.999273479 0.747835338
0.999731243 -0.001176073 0.023152627 101.953605652 0.000494691 0.999567211 0.029413773 3.064051628 -0.023177199 -0.029394416 0.999299169 0.747254312
0.999642611 0.016679285 0.020890338 102.371620178 -0.017269304 0.999447763 0.028389063 3.050446749 -0.020405294 -0.028739680 0.999378622 0.751833022
0.999137163 0.037878115 0.017035272 102.777969360 -0.038342413 0.998877645 0.027808452 3.028126717 -0.015962821 -0.028437631 0.999468088 0.750934541
0.997965515 0.062394366 0.013107596 103.190658569 -0.062723055 0.997682452 0.026372829 2.992724419 -0.011431703 -0.027141323 0.999566257 0.753113329
0.995918572 0.089588910 0.010957823 103.572555542 -0.089829296 0.995671034 0.023871390 2.945785999 -0.008771776 -0.024758292 0.999655008 0.753343403
0.992793918 0.119419150 0.009964203 103.966835022 -0.119607843 0.992595255 0.021181796 2.879637003 -0.007360909 -0.022220954 0.999725997 0.753642380
0.988358021 0.151903301 0.008592192 104.335304260 -0.152041078 0.988197505 0.018687276 2.806841850 -0.005652124 -0.019776085 0.999788463 0.755887866
0.982243240 0.187466010 0.007400383 104.713699341 -0.187566057 0.982111335 0.016621208 2.714753628 -0.004152089 -0.017714130 0.999834478 0.759693384
0.974185050 0.225649923 0.006754302 105.068115234 -0.225720942 0.974107385 0.012839491 2.611729622 -0.003682185 -0.014032627 0.999894738 0.763355494
0.964073837 0.265563816 0.006125771 105.437492371 -0.265616328 0.964021206 0.010541763 2.485444546 -0.003105862 -0.011790143 0.999925673 0.771650553
0.951714873 0.306929022 0.005772569 105.757469177 -0.306975931 0.951654077 0.010968617 2.363457441 -0.002126902 -0.012211037 0.999923170 0.780652940
0.936460495 0.350711823 0.006558378 106.092849731 -0.350770414 0.936363518 0.013546949 2.220260143 -0.001389951 -0.014986668 0.999886751 0.780928850
0.918377459 0.395621449 0.008153697 106.446235657 -0.395698696 0.918287218 0.013081750 2.055525541 -0.002312015 -0.015240392 0.999881208 0.787618279
0.898278952 0.439320147 0.009627122 106.723564148 -0.439414442 0.898196697 0.012553373 1.891924381 -0.003132101 -0.015506728 0.999874830 0.786061525
0.874930501 0.484163195 0.009093307 107.048210144 -0.484241754 0.874863625 0.011120007 1.688175917 -0.002571505 -0.014132592 0.999896824 0.794023395
0.849932611 0.526836455 0.007607150 107.307662964 -0.526891172 0.849857867 0.011284593 1.496850491 -0.000519861 -0.013599284 0.999907374 0.803191781
0.822188735 0.569189250 0.005412932 107.595588684 -0.569207251 0.822090924 0.013024288 1.275691628 0.002963362 -0.013789504 0.999900520 0.811312258
0.791942298 0.610582948 0.003994877 107.829177856 -0.610550523 0.791786551 0.017381033 1.062484980 0.007449472 -0.016203849 0.999840975 0.817497909
0.758045316 0.652186632 0.004456057 108.108520508 -0.652098656 0.757786155 0.022967884 0.810407519 0.011602609 -0.020316487 0.999726295 0.824746251
0.721310735 0.692588508 0.005655847 108.332305908 -0.692443669 0.720931947 0.027908621 0.572427034 0.015251709 -0.024047142 0.999594450 0.820147038
0.682081699 0.731255114 0.005525505 108.561637878 -0.731086314 0.681713223 0.027925620 0.292765498 0.016653942 -0.023087176 0.999594748 0.826639056
0.640751243 0.767728865 0.005505634 108.791442871 -0.767593324 0.640460968 0.024704382 -0.017901031 0.015440121 -0.020055450 0.999679625 0.846995294
0.597037375 0.802180707 0.007247843 108.972259521 -0.802099526 0.596776009 0.022242842 -0.309485704 0.013517439 -0.019093299 0.999726295 0.843691766
0.550550342 0.834742606 0.009956796 109.186813354 -0.834726512 0.550300956 0.020016039 -0.660382569 0.011229007 -0.019331036 0.999750078 0.856181622
0.502964795 0.864229977 0.011532691 109.328308105 -0.864255011 0.502743483 0.017674942 -0.970301092 0.009477227 -0.018857058 0.999777257 0.856142104
0.451803446 0.892026663 0.012731520 109.505767822 -0.892101884 0.451665163 0.012359984 -1.356567025 0.005275051 -0.016942097 0.999842584 0.882781565
0.400800824 0.916020691 0.016277205 109.626548767 -0.916152894 0.400639892 0.012313576 -1.694912791 0.004758193 -0.019847700 0.999791682 0.883036673
0.349906266 0.936586559 0.019271286 109.750083923 -0.936747134 0.349633813 0.016157776 -2.060931683 0.008395258 -0.023706030 0.999683738 0.892466307
0.298890293 0.954057455 0.020953087 109.875259399 -0.954184294 0.298462868 0.021268476 -2.475642204 0.014037627 -0.026350047 0.999554217 0.900065482
0.252352118 0.967427909 0.020045787 109.949455261 -0.967479289 0.251884997 0.023191551 -2.858358145 0.017386917 -0.025246320 0.999530077 0.901657939
0.209815264 0.977637649 0.014220839 110.032127380 -0.977559566 0.209473908 0.022315918 -3.290579081 0.018837987 -0.018583937 0.999649823 0.915606856
0.174809873 0.984576762 0.007084001 110.062797546 -0.984401524 0.174624443 0.021449596 -3.705229521 0.019881733 -0.010723103 0.999744833 0.927216411
0.143646121 0.989619792 0.004322050 110.123161316 -0.989399612 0.143517375 0.022168174 -4.159216404 0.021317771 -0.007460609 0.999744892 0.941677570
0.116193950 0.993200660 0.007185807 110.159736633 -0.993037581 0.116027653 0.020349540 -4.610971928 0.019377422 -0.009500272 0.999767125 0.954466462
0.090623915 0.995790660 0.013724225 110.207939148 -0.995763481 0.090388715 0.016886717 -5.093168736 0.015575118 -0.015196421 0.999763191 0.955398321
0.065935612 0.997640908 0.019108970 110.256454468 -0.997752488 0.065689802 0.013219099 -5.606167793 0.011932650 -0.019937631 0.999729991 0.961339116
0.043909609 0.998910487 0.015805030 110.261383057 -0.998991668 0.043753922 0.010067406 -6.118157387 0.009364905 -0.016231149 0.999824405 0.977785945
0.023557901 0.999680161 0.009208911 110.255020142 -0.999674678 0.023465514 0.010009546 -6.650917530 0.009790250 -0.009441718 0.999907494 0.994318724
0.005377233 0.999978364 0.003822109 110.252235413 -0.999912441 0.005330563 0.012121387 -7.216344833 0.012100747 -0.003886955 0.999919236 1.012756586
-0.008613944 0.999955297 0.003914483 110.238983154 -0.999814868 -0.008679986 0.017176507 -7.772507668 0.017209716 -0.003765802 0.999844790 1.018909097
-0.020101428 0.999767542 0.007809035 110.239425659 -0.999555588 -0.020267963 0.021863226 -8.376762390 0.022016414 -0.007366084 0.999730468 1.018993258
-0.026358724 0.999636531 0.005664108 110.219650269 -0.999408484 -0.026477098 0.021949567 -8.986282349 0.022091556 -0.005082197 0.999743044 1.025660276
-0.029251456 0.999571741 -0.000790620 110.189140320 -0.999402702 -0.029231906 0.018433373 -9.625905991 0.018402368 0.001329350 0.999829769 1.050863743
-0.028976560 0.999575913 -0.002899445 110.162239075 -0.999444187 -0.028924584 0.016575044 -10.284690857 0.016484149 0.003378119 0.999858439 1.064555883
-0.027089715 0.999631524 -0.001763284 110.152343750 -0.999506235 -0.027058125 0.015976572 -10.955985069 0.015922973 0.002195214 0.999870837 1.087659359
-0.025453687 0.999674976 0.001416458 110.147163391 -0.999538124 -0.025473714 0.016571755 -11.649220467 0.016602451 -0.000993991 0.999861658 1.091411114
-0.023958206 0.999708176 0.003102387 110.130958557 -0.999561429 -0.024008393 0.017335048 -12.350061417 0.017404472 -0.002685711 0.999844909 1.110565305
-0.023006797 0.999729216 0.003512806 110.119430542 -0.999569237 -0.023066878 0.018149942 -13.078294754 0.018226055 -0.003093722 0.999829113 1.127218008
-0.022380829 0.999743044 0.003651136 110.109252930 -0.999592721 -0.022441864 0.017635921 -13.825785637 0.017713323 -0.003254944 0.999837816 1.146318078
-0.021542668 0.999757051 0.004662955 110.098205566 -0.999632716 -0.021616220 0.016347067 -14.572289467 0.016443891 -0.004309084 0.999855518 1.161352158
-0.021226883 0.999766946 0.003945778 110.084083557 -0.999666333 -0.021282554 0.014643826 -15.348304749 0.014724389 -0.003633620 0.999884963 1.181386709
-0.021786690 0.999758124 0.003023690 110.068618774 -0.999686837 -0.021822214 0.012251858 -16.111478806 0.012314877 -0.002755816 0.999920368 1.201295376
-0.022888422 0.999732018 0.003497395 110.056121826 -0.999676824 -0.022925615 0.010996085 -16.897840500 0.011073316 -0.003244582 0.999933422 1.216109395
-0.024230599 0.999676824 0.007698694 110.048072815 -0.999658704 -0.024304032 0.009592433 -17.692352295 0.009776441 -0.007463637 0.999924362 1.229788780
-0.025231123 0.999670684 0.004721846 110.025672913 -0.999656260 -0.025263906 0.007026546 -18.500019073 0.007143522 -0.004542936 0.999964178 1.245891213
-0.026483774 0.999642849 0.003593130 110.003753662 -0.999636889 -0.026501298 0.004897624 -19.316802979 0.004991096 -0.003462118 0.999981523 1.265806794
-0.027958393 0.999599516 0.004385204 109.986480713 -0.999598682 -0.027977943 0.004451424 -20.123857498 0.004572330 -0.004258989 0.999980450 1.275038123
-0.029111743 0.999538422 0.008691790 109.974731445 -0.999540329 -0.029183269 0.008213355 -20.939353943 0.008463219 -0.008448689 0.999928474 1.292625427
-0.030102134 0.999502957 0.009374483 109.955726624 -0.999461591 -0.030220747 0.012778745 -21.779272079 0.013055695 -0.008984768 0.999874413 1.304877400
-0.031032801 0.999484956 0.008183260 109.929565430 -0.999413073 -0.031147361 0.014267210 -22.613260269 0.014514747 -0.007735706 0.999864757 1.326534152
-0.032445192 0.999407649 0.011477129 109.914100647 -0.999397039 -0.032582641 0.012002311 -23.461338043 0.012369157 -0.011080791 0.999862075 1.343404889
-0.033371925 0.999341249 0.014260972 109.892982483 -0.999408722 -0.033485532 0.007809426 -24.307203293 0.008281818 -0.013991925 0.999867797 1.362567425
-0.033796310 0.999308884 0.015487076 109.868942261 -0.999424875 -0.033835888 0.002299526 -25.156295776 0.002821953 -0.015400452 0.999877453 1.383073807
-0.034142256 0.999244869 0.018552659 109.850822449 -0.999414265 -0.034091949 -0.003025871 -26.006429672 -0.002391092 -0.018645100 0.999823332 1.391573548
-0.034048557 0.999188185 0.021537967 109.829704285 -0.999412537 -0.033955574 -0.004667313 -26.851219177 -0.003932191 -0.021684226 0.999757111 1.401531935
-0.033294916 0.999267817 0.018851221 109.809158325 -0.999441743 -0.033341646 0.002168689 -27.686758041 0.002795631 -0.018768489 0.999819934 1.420712829
-0.032187700 0.999336123 0.017066021 109.786331177 -0.999402523 -0.032395720 0.012050505 -28.506361008 0.012595369 -0.016667945 0.999781728 1.440124989
-0.031990886 0.999365866 0.015636614 109.766738892 -0.999334037 -0.032256722 0.017058039 -29.334878922 0.017551607 -0.015080499 0.999732196 1.457726240
-0.030606508 0.999435604 0.013846741 109.738151550 -0.999450743 -0.030777216 0.012286434 -30.174112320 0.012705664 -0.013463091 0.999828637 1.472488999
-0.029601932 0.999510944 0.010089835 109.710113525 -0.999548614 -0.029651999 0.004858842 -31.004915237 0.005155648 -0.009941449 0.999937296 1.493117332
-0.029341936 0.999534667 0.008341322 109.688148499 -0.999567807 -0.029356241 0.001601722 -31.836992264 0.001845846 -0.008290718 0.999963939 1.514260411
-0.029310107 0.999522328 0.009811464 109.668724060 -0.999568105 -0.029329896 0.001880188 -32.652843475 0.002167059 -0.009752116 0.999950111 1.531524420
-0.030498981 0.999451995 0.012873828 109.655502319 -0.999530792 -0.030533195 0.002473228 -33.474456787 0.002864949 -0.012792356 0.999914050 1.545192003
-0.032181859 0.999368191 0.015080310 109.637306213 -0.999477506 -0.032223225 0.002510169 -34.286403656 0.002994519 -0.014991650 0.999883115 1.559696198
-0.034641862 0.999276221 0.015717417 109.616142273 -0.999395669 -0.034682512 0.002322563 -35.106704712 0.002866001 -0.015627459 0.999873757 1.575626016
-0.036598444 0.999196351 0.016344292 109.593650818 -0.999324501 -0.036647677 0.002720452 -35.907989502 0.003317247 -0.016233686 0.999862731 1.595035791
-0.038682699 0.999085307 0.018230774 109.571105957 -0.999245882 -0.038737774 0.002676222 -36.704593658 0.003379992 -0.018113501 0.999830246 1.606211185
-0.040992498 0.998957276 0.020103902 109.547607422 -0.999157071 -0.041029215 0.001413764 -37.512172699 0.002237133 -0.020029001 0.999796867 1.618631601
-0.043010473 0.998882473 0.019600144 109.517143250 -0.999074161 -0.043023586 0.000250665 -38.303375244 0.001093652 -0.019571213 0.999807894 1.636860609
-0.045230389 0.998779714 0.019838061 109.490852356 -0.998975933 -0.045246243 0.000350979 -39.088947296 0.001248147 -0.019801870 0.999803126 1.650050640
-0.046870351 0.998702466 0.019918375 109.458183289 -0.998899400 -0.046897411 0.000893293 -39.866645813 0.001826252 -0.019854583 0.999801219 1.665484667
-0.048149467 0.998647988 0.019596878 109.422805786 -0.998838484 -0.048176408 0.000907521 -40.637912750 0.001850401 -0.019530419 0.999807537 1.677063346
-0.049181581 0.998631179 0.017807482 109.388381958 -0.998789728 -0.049185634 -0.000214245 -41.417453766 0.000661919 -0.017796464 0.999841392 1.694216251
-0.050674915 0.998564363 0.017356545 109.353050232 -0.998715162 -0.050663352 -0.001107725 -42.183460236 -0.000226796 -0.017390378 0.999848723 1.709299445
-0.052319765 0.998463154 0.018273856 109.318588257 -0.998630047 -0.052297235 -0.001708101 -42.943511963 -0.000749803 -0.018338190 0.999831557 1.721538901
-0.053244472 0.998381734 0.019973919 109.288291931 -0.998579860 -0.053197026 -0.002898890 -43.693756104 -0.001831644 -0.020099904 0.999796271 1.731617808
-0.054308891 0.998316944 0.020347524 109.254722595 -0.998520076 -0.054237962 -0.004023008 -44.423629761 -0.002912630 -0.020535894 0.999784887 1.745651245
-0.054666281 0.998293519 0.020536540 109.220268250 -0.998499751 -0.054589748 -0.004270091 -45.139480591 -0.003141720 -0.020739160 0.999779999 1.755785465
-0.055141568 0.998264492 0.020679101 109.185035706 -0.998478234 -0.055111647 -0.002015356 -45.844104767 -0.000872199 -0.020758759 0.999784112 1.770172358
-0.055165648 0.998237610 0.021875523 109.153778076 -0.998476028 -0.055187583 0.000395965 -46.540477753 0.001602522 -0.021820340 0.999760628 1.783548117
-0.055188894 0.998217404 0.022726435 109.122146606 -0.998470247 -0.055252075 0.002164217 -47.234897614 0.003416041 -0.022572225 0.999739408 1.793327808
-0.055500746 0.998205125 0.022498794 109.086807251 -0.998450696 -0.055575967 0.002729452 -47.928195953 0.003974946 -0.022312451 0.999743164 1.806661010
-0.055347681 0.998245418 0.021049611 109.050682068 -0.998460591 -0.055412173 0.002494476 -48.622390747 0.003656500 -0.020879142 0.999775350 1.818632722
-0.055811286 0.998219848 0.021029573 109.016059875 -0.998436093 -0.055866718 0.002058356 -49.318115234 0.003229546 -0.020881806 0.999776721 1.834318280
-0.056063652 0.998133540 0.024221957 108.986183167 -0.998421311 -0.056131363 0.002125449 -50.003742218 0.003481089 -0.024064552 0.999704361 1.843875408
-0.055947900 0.998080671 0.026549112 108.957038879 -0.998427689 -0.056020141 0.001985100 -50.662975311 0.003468573 -0.026396304 0.999645531 1.856550932
-0.055995584 0.998116255 0.025068069 108.924652100 -0.998428702 -0.056031704 0.000739785 -51.360263824 0.002142996 -0.024987256 0.999685466 1.870620251
-0.057285428 0.998046458 0.024938261 108.888023376 -0.998356998 -0.057302475 -0.000033496 -52.036075592 0.001395591 -0.024899203 0.999688983 1.883792162
-0.060599089 0.997747838 0.028762583 108.858711243 -0.998162091 -0.060593367 -0.001072418 -52.682579041 0.000672814 -0.028774705 0.999585688 1.894466043
-0.065595984 0.997405469 0.029658884 108.824058533 -0.997845471 -0.065607429 -0.000590849 -53.375080109 0.001356523 -0.029633734 0.999559879 1.902247310
-0.071563363 0.996996939 0.029595008 108.774513245 -0.997426927 -0.071658492 0.002161685 -54.031215668 0.004275924 -0.029364161 0.999559641 1.917870879
-0.078367472 0.996557117 0.027063254 108.723403931 -0.996901989 -0.078519464 0.004597786 -54.700439453 0.006706949 -0.026619095 0.999623120 1.925638437
-0.085293293 0.995945752 0.028590612 108.666854858 -0.996322572 -0.085490465 0.005746379 -55.364833832 0.008167303 -0.027995341 0.999574661 1.940542459
-0.091582775 0.995313346 0.031049287 108.613708496 -0.995763361 -0.091793299 0.005421719 -56.051280975 0.008246424 -0.030421207 0.999503136 1.951557398
-0.097023726 0.994777977 0.031671099 108.552665710 -0.995255530 -0.097204328 0.004209923 -56.735736847 0.007266507 -0.031112375 0.999489486 1.964834690
-0.101654053 0.994248390 0.033717185 108.493011475 -0.994791627 -0.101848602 0.004099098 -57.402122498 0.007509564 -0.033124879 0.999423027 1.983311772
-0.105615854 0.993715703 0.037074678 108.420578003 -0.994380653 -0.105811596 0.003353331 -58.112644196 0.007255185 -0.036512174 0.999306858 1.991314888
-0.108265758 0.993483126 0.035638966 108.350654602 -0.994112551 -0.108352542 0.000507742 -58.802070618 0.004366001 -0.035374165 0.999364614 1.998381853
-0.110351324 0.993349612 0.032853447 108.277282715 -0.993892252 -0.110325933 -0.002591395 -59.518188477 0.001050422 -0.032938745 0.999456823 2.010358572
-0.112156749 0.993196607 0.031326700 108.200981140 -0.993689179 -0.112048984 -0.005183219 -60.223258972 -0.001637832 -0.031710334 0.999495745 2.022657394
-0.113368869 0.992977798 0.033804238 108.124336243 -0.993550837 -0.113232017 -0.005942469 -60.963897705 -0.002073022 -0.034259915 0.999410808 2.026271820
-0.113823295 0.992987156 0.031952161 108.044517517 -0.993500590 -0.113798499 -0.002599812 -61.687263489 0.001054524 -0.032040406 0.999486029 2.037238121
-0.114306808 0.993086934 0.026692156 107.959945679 -0.993436694 -0.114378452 0.001169397 -62.409790039 0.004214318 -0.026383294 0.999643028 2.042516947
-0.114981413 0.993155599 0.020527408 107.865776062 -0.993338704 -0.115111232 0.005257659 -63.163181305 0.007584610 -0.019786134 0.999775469 2.064366102
-0.115772724 0.993089020 0.019262150 107.784378052 -0.993235290 -0.115921497 0.006790662 -63.898166656 0.008976627 -0.018345673 0.999791384 2.073498011
-0.116032004 0.993024409 0.020959757 107.701683044 -0.993220270 -0.116153955 0.004687862 -64.653907776 0.007089716 -0.020273712 0.999769330 2.085566282
-0.115956426 0.993056893 0.019805593 107.616210938 -0.993249416 -0.115996003 0.000857357 -65.401451111 0.003148774 -0.019572476 0.999803483 2.089497328
-0.116277337 0.993087351 0.016036674 107.530952454 -0.993216813 -0.116267681 -0.001539034 -66.130859375 0.000336151 -0.016106848 0.999870241 2.106908321
-0.117184520 0.993011713 0.013975298 107.443603516 -0.993110061 -0.117176771 -0.001380941 -66.890289307 0.000266290 -0.014040835 0.999901414 2.117155790
-0.118875384 0.992777944 0.016143739 107.361022949 -0.992909074 -0.118869305 -0.001341768 -67.626304626 0.000586917 -0.016188767 0.999868810 2.129122496
-0.120821118 0.992538512 0.016419584 107.273780823 -0.992673695 -0.120822787 -0.000891557 -68.373725891 0.001098956 -0.016407007 0.999864817 2.142746449
-0.123091817 0.992261469 0.016301496 107.185333252 -0.992394626 -0.123094559 -0.000837330 -69.107154846 0.001175774 -0.016280586 0.999866784 2.152945280
-0.124924779 0.992042243 0.015681515 107.098304749 -0.992165267 -0.124930143 -0.000643505 -69.854644775 0.001320710 -0.015639044 0.999876857 2.166424036
-0.127043605 0.991762340 0.016358349 107.008453369 -0.991896808 -0.127042055 -0.001137899 -70.584007263 0.000949672 -0.016370354 0.999865532 2.176895618
-0.128648639 0.991537154 0.017425749 106.920181274 -0.991689026 -0.128656149 -0.000693161 -71.315856934 0.001554637 -0.017370097 0.999847949 2.185593605
-0.129751563 0.991366446 0.018900387 106.826828003 -0.991543353 -0.129776597 0.000097254 -72.065895081 0.002549241 -0.018727932 0.999821365 2.202723742
-0.130866289 0.991224766 0.018645246 106.737648010 -0.991395116 -0.130902410 0.000724277 -72.817199707 0.003158627 -0.018390020 0.999825895 2.209696054
-0.132074237 0.991049945 0.019405041 106.639503479 -0.991235912 -0.132104278 0.000263872 -73.593734741 0.002824997 -0.019200122 0.999811649 2.224920034
-0.133116722 0.990915239 0.019159328 106.540489197 -0.991099298 -0.133121490 -0.001031961 -74.346420288 0.001527932 -0.019126166 0.999815881 2.232642889
-0.134341717 0.990710020 0.021116458 106.445968628 -0.990934968 -0.134302258 -0.003281594 -75.139328003 -0.000415118 -0.021365892 0.999771655 2.241533995
-0.136009812 0.990418732 0.023916112 106.344429016 -0.990705311 -0.135919094 -0.005383904 -75.925636292 -0.002081661 -0.024426084 0.999699473 2.245800734
-0.138179421 0.990087628 0.025159460 106.239425659 -0.990402818 -0.138058186 -0.006502437 -76.696571350 -0.002964515 -0.025816500 0.999662280 2.251219273
-0.140144587 0.989845514 0.023780392 106.134262085 -0.990126610 -0.140031338 -0.006370839 -77.502159119 -0.002976147 -0.024438437 0.999696910 2.265797853
-0.142323017 0.989526391 0.024115536 106.024421692 -0.989818692 -0.142237902 -0.005221247 -78.285285950 -0.001736419 -0.024613112 0.999695539 2.267754793
-0.143455148 0.989375949 0.023578964 105.903648376 -0.989655495 -0.143454552 -0.001725941 -79.106513977 0.001674904 -0.023582645 0.999720514 2.277809143
-0.144469619 0.989260733 0.022178762 105.799171448 -0.989496768 -0.144544363 0.001799720 -79.894401550 0.004986208 -0.021685805 0.999752402 2.287569284
-0.145063400 0.989196062 0.021167431 105.673934937 -0.989385843 -0.145208836 0.005498144 -80.714157104 0.008512438 -0.020145176 0.999760807 2.305327654
-0.144969225 0.989252985 0.019040193 105.559722900 -0.989393055 -0.145115614 0.006542512 -81.532737732 0.009235229 -0.017889772 0.999797285 2.314249754
-0.144827127 0.989330709 0.015807902 105.438148499 -0.989423573 -0.144935131 0.005908890 -82.350135803 0.008136966 -0.014784943 0.999857605 2.336753368
-0.144583344 0.989386857 0.014479069 105.316291809 -0.989472687 -0.144658089 0.004250747 -83.190376282 0.006300146 -0.013712055 0.999886155 2.348200798
-0.143879890 0.989481568 0.015001321 105.196220398 -0.989583373 -0.143936038 0.002725849 -84.025314331 0.004856406 -0.014452862 0.999883771 2.364208698
-0.142285228 0.989705265 0.015447373 105.083015442 -0.989823163 -0.142303467 0.000080767 -84.873855591 0.002278148 -0.015278675 0.999880672 2.374061823
-0.140740871 0.989945829 0.014117188 104.966758728 -0.990046322 -0.140717268 -0.002656959 -85.711204529 -0.000643715 -0.014350612 0.999896824 2.382880688
-0.139037728 0.990196228 0.013417424 104.847381592 -0.990276933 -0.138962150 -0.006417215 -86.564018250 -0.004489788 -0.014179200 0.999889374 2.396021366
-0.137468696 0.990401387 0.014409782 104.739944458 -0.990495920 -0.137386203 -0.006567083 -87.409828186 -0.004524342 -0.015175596 0.999874592 2.401826620
-0.135774016 0.990640521 0.014033595 104.625503540 -0.990739465 -0.135747552 -0.002822005 -88.256240845 -0.000890567 -0.014286791 0.999897540 2.416267157
-0.134205818 0.990840375 0.014979387 104.522827148 -0.990940988 -0.134265065 0.003014929 -89.106605530 0.004998520 -0.014439066 0.999883235 2.427937031
-0.132482529 0.991014242 0.018414874 104.409774780 -0.991153479 -0.132604361 0.005552737 -89.956840515 0.007944735 -0.017516326 0.999814987 2.447638750
-0.130926728 0.991216183 0.018673459 104.303016663 -0.991369247 -0.131028175 0.004312054 -90.828498840 0.006720927 -0.017947730 0.999816358 2.448280811
-0.130036354 0.991363943 0.016979888 104.195251465 -0.991502821 -0.130078316 0.001388746 -91.676116943 0.003585467 -0.016655019 0.999854863 2.468559027
-0.129359365 0.991466284 0.016154408 104.084045410 -0.991595864 -0.129374981 -0.000080888 -92.555114746 0.002009775 -0.016029108 0.999869525 2.480881691
-0.128769994 0.991537273 0.016503554 103.982208252 -0.991673887 -0.128772140 -0.000942112 -93.415916443 0.001191055 -0.016487457 0.999863386 2.498702049
-0.128236771 0.991601706 0.016779669 103.874214172 -0.991743326 -0.128231168 -0.001416560 -94.265190125 0.000747013 -0.016822778 0.999858201 2.514912128
-0.127573967 0.991726518 0.014266630 103.762351990 -0.991828918 -0.127550840 -0.002524592 -95.143768311 -0.000683986 -0.014472127 0.999895036 2.521001339
